2 8 12 11 
4 22 26 24 
6 22 25 23 
8 24 25 22 
10 34 33 27 
12 48 44 39 
14 70 64 56 
16 114 101 89 
18 140 123 109 
20 195 168 147 
22 281 239 204 
24 328 273 239 
26 400 333 287 
28 523 417 365 
30 636 532 457 
32 799 654 573 
34 925 744 651 
36 1102 879 742 
38 1582 1275 1103 
40 1651 1293 1132 
42 1958 1663 1371 
44 1904 1523 1317 
46 2091 1676 1454 
48 2513 1966 1702 
50 2956 2249 1957 
52 3345 2655 2303 
54 3611 2810 2431 
56 4202 3264 2902 
58 5725 4647 3810 
60 4967 3874 3264 
62 5629 4394 3774 
64 6302 4817 4153 
66 6999 5623 4738 
68 6831 5330 4547 
70 7909 6074 5196 
72 8389 6579 5577 
74 8894 6968 5923 
76 9536 7496 6376 
78 10195 7910 6780 
80 10981 8418 7152 
82 12539 9695 8375 
84 13753 10530 9127 
86 14520 11152 9571 
88 14417 11152 9478 
90 15527 11879 10096 
92 16775 12875 10746 
94 17608 13364 11402 
96 19366 14883 12679 
98 23385 18368 15364 
100 25851 19719 16854 
102 25513 19609 16719 
202 174079 132292 112920 
302 620654 488332 412397 
