1 4 6 6 
3 16 20 18 
5 14 17 15 
7 19 19 17 
9 28 27 23 
11 43 43 37 
13 59 55 48 
15 88 80 68 
17 137 125 108 
19 164 145 124 
21 222 192 166 
23 284 240 208 
25 389 333 286 
27 511 426 365 
29 687 565 500 
31 676 574 494 
33 868 703 620 
35 1062 872 732 
37 1725 1450 1264 
39 1856 1535 1299 
41 2064 1601 1339 
43 2159 1770 1514 
45 2212 1758 1501 
47 2536 2095 1737 
49 3063 2491 2089 
51 3675 2959 2519 
53 4148 3217 2785 
55 4248 3358 2825 
57 4500 3541 3058 
59 4522 3518 3043 
61 4948 3902 3363 
63 6028 4840 4115 
65 5848 4677 3979 
67 6460 5120 4344 
69 7107 5577 4713 
71 8763 6902 5900 
73 8584 6854 5773 
75 9497 7309 6265 
77 10523 8141 6901 
79 10633 8232 6961 
81 11447 8914 7605 
83 13309 10242 8618 
85 13566 10709 9053 
87 14450 11133 9499 
89 15741 12164 10263 
91 18120 13935 11830 
93 18884 15044 12374 
95 20728 15709 13100 
97 21413 16143 13688 
99 20773 15951 13385 
101 22566 17585 15001 
103 23447 18055 15329 
203 184598 137374 118775 
