2 986 0 814
3 1982 0 697
4 3030 0 3245
5 4259 0 2950
6 5306 0 3290
7 6545 0 3316
8 10768 0 15658
9 17113 0 19207
10 19366 0 21865
11 21210 0 19230
12 13677 0 13221
13 15497 0 12914
14 19833 0 13278
15 19293 0 14038
16 20481 0 36728
17 61470 0 92115
18 43657 0 67229
19 30134 0 41874
20 33100 0 39816
21 30498 0 41320
22 18762 0 20718
23 24460 0 21459
24 21202 0 27586
25 18407 0 20626
26 17953 0 17504
27 14310 0 15873
28 14876 0 16809
29 15928 0 16663
30 16268 0 16607
31 16905 0 16791
32 14823 0 31351
33 17377 0 29463
34 34855 0 66348
35 16077 0 29151
36 14389 0 25359
37 15015 0 25339
38 18858 0 30944
39 16348 0 26625
40 18932 0 33528
41 16907 0 27504
42 18352 0 28861
43 20724 0 32921
44 18918 0 28496
45 19377 0 27538
46 19659 0 27883
47 20400 0 28842
48 20403 0 32721
49 22150 0 35688
50 21721 0 33382
51 22232 0 32950
52 23095 0 33172
53 23135 0 34049
54 28809 0 43752
55 24293 0 33674
56 24792 0 35024
57 25220 0 34908
58 26215 0 36119
59 26532 0 36309
60 27058 0 35192
61 27521 0 35652
62 28400 0 35722
63 28350 0 35591
64 28966 0 68702
65 29795 0 66740
66 30413 0 67088
67 31090 0 67553
68 31592 0 67808
69 32260 0 68022
70 33415 0 68097
71 33301 0 67776
72 33917 0 70258
73 35683 0 72234
74 35612 0 71726
75 36023 0 69604
76 36059 0 70105
77 37180 0 69658
78 37013 0 70551
79 38041 0 71236
80 37690 0 74656
81 41636 0 78232
82 38986 0 74560
83 43350 0 81834
84 40544 0 75283
85 41074 0 75072
86 41942 0 75549
87 43606 0 76317
88 43052 0 77128
89 43729 0 77163
90 44166 0 77272
91 44755 0 78104
92 46079 0 77885
93 45760 0 77154
94 46494 0 79608
95 46911 0 77904
96 47099 0 89309
97 47804 0 89717
98 49879 0 90412
99 50361 0 89829
100 49771 0 91257
101 50926 0 90337
102 51998 0 90843
103 51581 0 89765
104 52061 0 92238
105 53450 0 92834
106 53692 0 93944
107 54065 0 91635
108 55344 0 93215
109 55096 0 92149
110 56117 0 93073
111 56381 0 92451
112 56559 0 97888
113 57416 0 96787
114 58534 0 96943
115 59098 0 98176
116 59247 0 97949
117 59863 0 97458
118 61956 0 101695
119 61455 0 97491
120 61720 0 99235
121 62201 0 100761
122 62833 0 99323
123 64256 0 100002
124 64005 0 100487
125 65302 0 99988
126 65443 0 101743
127 65507 0 101295
128 66255 0 174338
129 66859 0 175457
130 67699 0 173420
131 71061 0 174743
132 69413 0 175436
133 70603 0 175764
134 71712 0 177281
135 75051 0 185540
136 72892 0 176665
137 76086 0 186127
138 90086 0 217383
139 77666 0 185546
140 75662 0 180041
141 79314 0 189416
142 77683 0 178757
143 78359 0 178668
144 77767 0 183067
145 151048 0 364878
146 79758 0 186044
147 79668 0 184637
148 80524 0 184928
149 94403 0 215458
150 81883 0 185131
151 84895 0 186252
152 83663 0 187258
153 86607 0 197366
154 86808 0 185926
155 84618 0 185135
156 86633 0 185583
157 124932 0 265525
158 102014 0 219737
159 139310 0 300425
160 135972 0 332502
161 110632 0 251656
162 127324 0 298249
163 122526 0 266112
164 105391 0 233316
165 94823 0 207818
166 91086 0 199696
167 123960 0 266257
168 92467 0 198839
169 93080 0 199242
170 93698 0 203001
171 104930 0 226235
172 95471 0 197928
173 95608 0 201631
174 96982 0 199179
175 97376 0 200054
176 97524 0 203644
177 98409 0 206124
178 148111 0 304740
179 179796 0 389417
180 172343 0 369974
181 172344 0 367333
182 182790 0 374173
183 158913 0 330694
184 153666 0 321978
185 171505 0 341289
186 106373 0 208837
187 104895 0 212739
188 112068 0 211813
189 105210 0 209196
190 106381 0 206349
191 114239 0 216914
192 111580 0 244450
193 110717 0 243380
194 109013 0 235684
195 109082 0 237534
196 110651 0 239812
197 110755 0 237460
198 111904 0 236818
199 114156 0 241238
200 137026 0 247165
201 117998 0 247021
202 124814 0 257788
203 125291 0 248050
204 133336 0 270696
205 142072 0 280221
206 129111 0 255803
207 151497 0 294207
208 161108 0 322087
209 141241 0 299678
210 148107 0 307849
211 140713 0 279879
212 134854 0 262944
213 143693 0 289860
214 145454 0 294958
215 196771 0 377301
216 159737 0 290395
217 166664 0 320997
218 156507 0 314343
219 231078 0 439465
220 240877 0 497029
221 223456 0 452072
222 225239 0 448224
223 206791 0 422864
224 244993 0 474858
225 202157 0 419816
226 192586 0 395267
227 223564 0 456157
228 237159 0 521438
229 226091 0 446925
230 238901 0 479563
231 169651 0 338588
232 232711 0 470219
233 238147 0 466882
234 246691 0 484066
235 195363 0 385182
236 159770 0 314759
237 172010 0 318895
238 236064 0 476222
239 200699 0 386075
240 218558 0 399070
241 203988 0 406505
242 227234 0 441606
243 221425 0 408616
244 193290 0 344788
245 165553 0 306425
246 159195 0 288175
247 184752 0 340281
248 158790 0 303061
249 226010 0 451695
250 186797 0 391406
251 218833 0 379245
252 219120 0 396626
253 213233 0 366433
254 189114 0 331908
255 169800 0 314199
256 168004 0 490846
257 183345 0 532422
258 233900 0 660892
259 177175 0 495694
260 153867 0 449342
261 207785 0 560692
262 162416 0 452454
263 158475 0 448096
264 157584 0 456899
265 161794 0 444618
266 277567 0 797082
267 198992 0 569344
268 189657 0 516996
269 165605 0 456878
270 163825 0 440909
271 162673 0 442602
272 180262 0 490297
273 164129 0 444121
274 166590 0 450283
275 168443 0 447466
276 166742 0 445158
277 167230 0 445391
278 168051 0 444622
279 169257 0 445125
280 168727 0 449900
281 169961 0 446576
282 176745 0 465432
283 188902 0 476155
284 171737 0 460606
285 171364 0 450874
286 175572 0 454744
287 172063 0 448598
288 175636 0 462976
289 176151 0 456860
290 175397 0 459614
291 177880 0 467625
292 187207 0 483806
293 189630 0 467773
294 179009 0 461194
295 180025 0 464350
296 187189 0 468631
297 180194 0 474801
298 205634 0 523007
299 181317 0 462719
300 182029 0 462331
301 182025 0 461853
302 183174 0 463196
303 323019 0 820895
304 406616 0 1048683
305 279698 0 747898
306 484874 0 1223405
307 186424 0 473132
308 187414 0 469263
309 190068 0 466177
310 193767 0 471428
311 190793 0 469954
312 189406 0 467375
313 191376 0 470492
314 192966 0 477248
315 194832 0 472238
316 191531 0 471451
317 218858 0 538985
318 293618 0 723147
319 214966 0 538560
320 224056 0 596605
321 233926 0 585197
322 218033 0 559168
323 213580 0 535451
324 209841 0 545632
325 206281 0 524892
326 206551 0 503032
327 217706 0 541413
328 208231 0 518741
329 219891 0 540727
330 216684 0 521304
331 207828 0 522167
332 206244 0 505417
333 204548 0 511916
334 225239 0 544049
335 209580 0 506862
336 210417 0 513522
337 277985 0 677349
338 222343 0 542780
339 224899 0 550142
340 229850 0 558335
341 256922 0 617149
342 234878 0 530466
343 239099 0 595831
344 286751 0 721779
345 220761 0 530508
346 233692 0 548809
347 223047 0 532406
348 249935 0 586526
349 228046 0 536641
350 239695 0 566639
351 294296 0 689978
352 221266 0 525385
353 219840 0 519108
354 226282 0 537839
355 229571 0 542842
356 227881 0 535042
357 232292 0 545121
358 246939 0 584576
359 230192 0 534763
360 250489 0 584485
361 235151 0 538859
362 229714 0 530740
363 229877 0 537089
364 230492 0 529971
365 231028 0 534805
366 228966 0 527160
367 241406 0 542402
368 236723 0 533957
369 236919 0 546178
370 231642 0 542341
371 232823 0 527427
372 232250 0 530905
373 232012 0 539163
374 252531 0 557940
375 241353 0 538368
376 234617 0 539632
377 239207 0 544159
378 235961 0 531445
379 237282 0 530009
380 236671 0 530762
381 237679 0 532752
382 238286 0 530258
383 239916 0 526903
384 239329 0 599014
385 479243 0 1189154
386 244763 0 597092
387 242710 0 601265
388 242069 0 605861
389 244206 0 604929
390 252159 0 599274
391 246152 0 599594
392 297541 0 704364
393 249464 0 601399
394 306202 0 711360
395 364764 0 901502
396 366997 0 999685
397 422199 0 1856140
398 446415 0 1041206
399 298068 0 721289
400 302632 0 784736
401 278237 0 690685
402 321854 0 815942
403 397571 0 958020
404 441216 0 960348
405 577741 0 988026
406 414851 0 1022119
407 935516 0 1221845
408 442778 0 1061809
409 412645 0 984256
410 395735 0 976104
411 411758 0 979425
412 453239 0 1081863
413 465297 0 1062904
414 410223 0 967319
415 299718 0 682966
416 292782 0 726249
417 362345 0 781463
418 278954 0 658347
419 267965 0 628328
420 296105 0 685915
421 283161 0 650692
422 296082 0 693470
423 269968 0 625222
424 272117 0 631508
425 276437 0 633010
426 273546 0 630257
427 281789 0 651607
428 370381 0 847958
429 317192 0 731488
430 412189 0 910064
431 406670 0 913644
432 397572 0 904348
433 320455 0 708949
434 370165 0 903028
435 384303 0 876145
436 337667 0 769446
437 342223 0 737561
438 453278 0 1079577
439 296914 0 702420
440 326104 0 748907
441 310049 0 663528
442 299742 0 657637
443 291256 0 655345
444 306319 0 685735
445 289243 0 641899
446 531152 0 1275815
447 575504 0 1410875
448 515877 0 1293846
449 356638 0 776828
450 302420 0 685232
451 299692 0 681468
452 306209 0 687002
453 455452 0 1006537
454 411181 0 953336
455 335371 0 766449
456 615823 0 1374051
457 390556 0 905353
458 331026 0 743912
459 353601 0 765318
460 319023 0 729026
461 345604 0 746315
462 378965 0 856481
463 539405 0 1295037
464 324668 0 752729
465 428378 0 979791
466 326350 0 750039
467 311698 0 696734
468 339876 0 729155
469 321713 0 724978
470 332219 0 716625
471 311289 0 705934
472 340683 0 724850
473 355453 0 696284
474 329417 0 734262
475 341556 0 724193
476 324971 0 705428
477 342665 0 728189
478 340848 0 731417
479 358649 0 847815
480 352320 0 783074
481 353362 0 757203
482 459260 0 1010648
483 506232 0 1097855
484 469442 0 977311
485 424427 0 947734
486 399358 0 853079
487 430231 0 1019516
488 441301 0 954195
489 408970 0 930954
490 433784 0 945666
491 355170 0 778355
492 344444 0 762698
493 349519 0 766368
494 339487 0 744797
495 335840 0 741592
496 357239 0 809435
497 366075 0 756794
498 349161 0 760704
499 338458 0 744302
500 337644 0 731749
501 406816 0 809686
502 343320 0 775238
503 341132 0 761378
504 341050 0 731643
505 370614 0 804894
506 381742 0 787682
507 390652 0 851979
508 353349 0 752942
509 364575 0 752875
510 403389 0 843436
511 366039 0 753682
512 358970 0 1154897
513 351808 0 1189980
514 372186 0 1176518
515 377188 0 1165666
516 361504 0 1160785
517 375438 0 1173107
518 364221 0 1159291
519 339850 0 1077300
520 351691 0 1087660
521 342596 0 1102869
522 346348 0 1089258
523 342135 0 1084576
524 348737 0 1070911
525 351660 0 1093316
526 346351 0 1069538
527 348874 0 1077851
528 347478 0 1079534
529 351196 0 1077047
530 354407 0 1082793
531 439214 0 1485622
532 375804 0 1147244
533 373396 0 1149106
534 546076 0 1715072
535 483779 0 1412100
536 372448 0 1129842
537 370309 0 1134764
538 797946 0 2450009
539 785681 0 2383668
540 371394 0 1101925
541 360013 0 1077828
542 385808 0 1102825
543 379736 0 1128511
544 365965 0 1094578
545 361410 0 1092946
546 363119 0 1091340
547 417004 0 1256052
548 593133 0 1858516
549 441016 0 1443694
550 539660 0 1538920
551 660780 0 2027200
552 741414 0 2103019
553 503693 0 1566185
554 395139 0 1177078
555 387986 0 1138563
556 391299 0 1139560
557 402552 0 1186954
558 395753 0 1151908
559 470350 0 1422717
560 396625 0 1190454
561 409229 0 1215927
562 401809 0 1169498
563 393869 0 1167254
564 398156 0 1152706
565 410938 0 1189404
566 400247 0 1154142
567 397277 0 1166523
568 398138 0 1157274
569 402348 0 1149655
570 396748 0 1140871
571 405772 0 1193341
572 394035 0 1138730
573 382228 0 1100596
574 383134 0 1103298
575 382353 0 1103694
576 385337 0 1136047
577 383393 0 1133450
578 387235 0 1127995
579 387157 0 1129718
580 390330 0 1130443
581 388956 0 1129627
582 483197 0 1435756
583 389167 0 1128360
584 390064 0 1131400
585 391934 0 1131798
586 392723 0 1132278
587 394123 0 1134139
588 394341 0 1132298
589 395152 0 1141670
590 400539 0 1141207
591 396928 0 1142020
592 397086 0 1143792
593 415682 0 1229466
594 515063 0 1466586
595 414440 0 1152556
596 400607 0 1153398
597 414769 0 1152941
598 458551 0 1332269
599 405884 0 1166013
600 405428 0 1142606
601 405054 0 1140694
602 405258 0 1137742
603 408923 0 1174348
604 423031 0 1194995
605 409960 0 1165191
606 413402 0 1153870
607 408561 0 1148923
608 412339 0 1160972
609 413516 0 1176502
610 431074 0 1157107
611 411020 0 1153336
612 423321 0 1199122
613 413671 0 1161079
614 437740 0 1214150
615 431809 0 1196683
616 420464 0 1159248
617 416402 0 1156151
618 431634 0 1236198
619 416523 0 1167125
620 416343 0 1156221
621 417138 0 1154796
622 420517 0 1170353
623 418954 0 1152446
624 423155 0 1157887
625 423107 0 1156375
626 420356 0 1156778
627 456250 0 1275986
628 422438 0 1165055
629 422791 0 1159479
630 425316 0 1158742
631 462147 0 1238707
632 480425 0 1375999
633 551552 0 1455358
634 558306 0 1563908
635 490496 0 1488092
636 438880 0 1190145
637 437573 0 1175587
638 444236 0 1171245
639 441605 0 1177412
640 430788 0 1236715
641 437663 0 1231486
642 430641 0 1227708
643 433222 0 1239937
644 431506 0 1231650
645 432735 0 1229356
646 434311 0 1237474
647 437811 0 1244854
648 475527 0 1304357
649 463938 0 1333418
650 483576 0 1318943
651 479151 0 1337042
652 470046 0 1348027
653 473415 0 1321803
654 467526 0 1308999
655 480746 0 1321721
656 479452 0 1326149
657 479836 0 1299166
658 500235 0 1393983
659 455929 0 1309422
660 479239 0 1384461
661 467038 0 1322221
662 479555 0 1301970
663 514487 0 1414998
664 491280 0 1416958
665 463976 0 1281235
666 506512 0 1294818
667 522666 0 1467341
668 476853 0 1299016
669 492448 0 1303803
670 578739 0 1609191
671 479944 0 1300230
672 526347 0 1428583
673 485125 0 1314400
674 459566 0 1257000
675 460270 0 1254444
676 461390 0 1260680
677 461350 0 1250528
678 469794 0 1253432
679 469288 0 1284831
680 463839 0 1252740
681 465307 0 1254275
682 472553 0 1278435
683 474957 0 1267198
684 470709 0 1261041
685 469217 0 1250073
686 469965 0 1257546
687 470384 0 1255786
688 471942 0 1257705
689 472649 0 1257933
690 472986 0 1259102
691 474271 0 1256614
692 474603 0 1260199
693 578303 0 1519184
694 657881 0 1785731
695 540065 0 1406372
696 477934 0 1262486
697 481075 0 1274534
698 483345 0 1269134
699 487912 0 1260547
700 480972 0 1280721
701 506922 0 1312240
702 610707 0 1616438
703 498687 0 1262806
704 483269 0 1288619
705 501043 0 1307144
706 491906 0 1287299
707 485429 0 1285239
708 491201 0 1310753
709 503444 0 1339183
710 489113 0 1307892
711 487883 0 1291233
712 490006 0 1292845
713 489795 0 1290439
714 496843 0 1296003
715 495162 0 1287387
716 508176 0 1346168
717 508193 0 1293978
718 494190 0 1291076
719 522161 0 1361365
720 497946 0 1290714
721 498282 0 1292899
722 497214 0 1294060
723 496727 0 1291646
724 499826 0 1292670
725 501144 0 1299171
726 501883 0 1289891
727 504822 0 1294113
728 511079 0 1298464
729 501327 0 1295883
730 508519 0 1295818
731 505497 0 1296901
732 512820 0 1317017
733 508473 0 1297426
734 505246 0 1298026
735 506585 0 1299485
736 507542 0 1307012
737 509293 0 1309353
738 509695 0 1308691
739 509839 0 1306447
740 509926 0 1314266
741 511866 0 1311481
742 511288 0 1313673
743 512651 0 1319199
744 519187 0 1317418
745 544416 0 1383350
746 517515 0 1318188
747 514397 0 1311294
748 516748 0 1310816
749 555829 0 1383263
750 520944 0 1313498
751 518655 0 1315365
752 525862 0 1314043
753 696735 0 1711874
754 698764 0 1830348
755 530481 0 1326987
756 535953 0 1328144
757 626223 0 1612334
758 531247 0 1340333
759 524617 0 1315767
760 523969 0 1316629
761 544308 0 1364515
762 531660 0 1339572
763 544150 0 1325633
764 537824 0 1332027
765 526834 0 1318325
766 528327 0 1319995
767 528729 0 1320191
768 528731 0 1484552
769 530735 0 1486637
770 577557 0 1571497
771 540333 0 1481194
772 538788 0 1475255
773 538235 0 1490379
774 534642 0 1485789
775 535324 0 1481053
776 553983 0 1499263
777 537568 0 1488129
778 542463 0 1482221
779 539444 0 1479393
780 542041 0 1481181
781 540733 0 1478126
782 544583 0 1480366
783 545428 0 1487140
784 545113 0 1492363
785 548137 0 1492368
786 553190 0 1492439
787 550114 0 1497141
788 547500 0 1486823
789 548239 0 1488278
790 551670 0 1492877
791 551544 0 1485606
792 550737 0 1492148
793 553334 0 1497182
794 557121 0 1493697
795 554383 0 1505477
796 558371 0 1498430
797 564556 0 1496255
798 555246 0 1493785
799 556954 0 1493927
800 558764 0 1501309
801 556642 0 1501081
802 566581 0 1512822
803 559137 0 1495086
804 562120 0 1501902
805 561538 0 1501205
806 562039 0 1505675
807 562018 0 1503706
808 563710 0 1506534
809 567122 0 1501729
810 564258 0 1504082
811 598397 0 1622038
812 569314 0 1509140
813 568885 0 1505152
814 568305 0 1504277
815 569510 0 1506796
816 569758 0 1509945
817 571924 0 1515476
818 577716 0 1518155
819 590123 0 1562558
820 573363 0 1520760
821 573478 0 1510566
822 574453 0 1515982
823 579172 0 1542257
824 577109 0 1511974
825 579035 0 1518587
826 671695 0 1802172
827 614854 0 1620949
828 866299 0 2318433
829 891303 0 2321202
830 611618 0 1565968
831 588336 0 1530207
832 596514 0 1560547
833 584752 0 1602224
834 607879 0 1630599
835 586007 0 1547352
836 586577 0 1574815
837 617899 0 1621947
838 657025 0 1715340
839 610322 0 1578421
840 607695 0 1654909
841 701543 0 1998668
842 617422 0 1614008
843 615012 0 1651506
844 624867 0 1628707
845 655621 0 1726122
846 616936 0 1614492
847 652849 0 1630934
848 670241 0 1840862
849 740978 0 1881772
850 667512 0 1752937
851 623177 0 1706129
852 642074 0 1613694
853 671068 0 1689724
854 634380 0 1694130
855 679343 0 1679929
856 704453 0 1779875
857 645901 0 1753892
858 616318 0 1615173
859 609955 0 1566537
860 609228 0 1571850
861 609931 0 1566127
862 610391 0 1558948
863 612772 0 1548789
864 623316 0 1635125
865 615646 0 1593596
866 615914 0 1593131
867 620003 0 1587428
868 615900 0 1595230
869 613303 0 1569828
870 614361 0 1565658
871 646410 0 1634316
872 618522 0 1565234
873 617516 0 1569109
874 644288 0 1655267
875 618672 0 1567301
876 632069 0 1602525
877 618359 0 1575382
878 620176 0 1568119
879 619221 0 1566186
880 620883 0 1572878
881 770425 0 1997350
882 622188 0 1591017
883 639099 0 1590280
884 706361 0 1728463
885 681282 0 1770290
886 624070 0 1583637
887 735265 0 1873574
888 637449 0 1594372
889 630747 0 1571628
890 626407 0 1577288
891 676771 0 1628736
892 638190 0 1628423
893 627081 0 1576820
894 632755 0 1575299
895 630869 0 1571719
896 632781 0 1645261
897 632987 0 1642153
898 669536 0 1768026
899 641324 0 1657827
900 646770 0 1678268
901 636853 0 1649430
902 646879 0 1695790
903 636812 0 1649027
904 637646 0 1650567
905 660697 0 1668127
906 640530 0 1644560
907 641009 0 1653733
908 645635 0 1660266
909 642273 0 1655501
910 642745 0 1647416
911 644389 0 1645339
912 646643 0 1654768
913 644390 0 1646725
914 646007 0 1652892
915 646437 0 1650721
916 648079 0 1653810
917 648525 0 1669176
918 648893 0 1651013
919 651403 0 1653520
920 651468 0 1652732
921 1226664 0 3147117
922 655864 0 1656494
923 653792 0 1666347
924 654125 0 1656584
925 659324 0 1655308
926 654598 0 1654933
927 656619 0 1650762
928 659831 0 1670202
929 658958 0 1664483
930 659134 0 1666574
931 661839 0 1665651
932 661782 0 1668039
933 664513 0 1675309
934 667140 0 1712498
935 665918 0 1675621
936 664969 0 1667473
937 868903 0 2180791
938 707672 0 1793216
939 666643 0 1667049
940 667427 0 1667303
941 669097 0 1669768
942 671470 0 1681520
943 668695 0 1664458
944 669341 0 1670516
945 678803 0 1680274
946 672619 0 1684498
947 682061 0 1693488
948 673863 0 1673795
949 679599 0 1671395
950 1169704 0 2965776
951 678250 0 1680413
952 678943 0 1675217
953 679038 0 1677610
954 678849 0 1675463
955 679310 0 1677698
956 678978 0 1674773
957 681848 0 1673645
958 683845 0 1677399
959 682037 0 1673742
960 682313 0 1704396
961 683793 0 1700826
962 684041 0 1700059
963 692598 0 1754337
964 688193 0 1702191
965 938394 0 2400361
966 688278 0 1698139
967 687642 0 1703900
968 688234 0 1701423
969 691015 0 1703390
970 692082 0 1702077
971 693542 0 1701026
972 693184 0 1700494
973 693957 0 1699407
974 693603 0 1705245
975 693657 0 1703210
976 695133 0 1728079
977 696202 0 1709046
978 695823 0 1710096
979 697794 0 1713996
980 699433 0 1710330
981 698768 0 1712127
982 698808 0 1709513
983 701040 0 1707600
984 700136 0 1709930
985 702229 0 1708438
986 702114 0 1712074
987 707267 0 1731740
988 705457 0 1708097
989 704221 0 1711899
990 707431 0 1713416
991 818385 0 2060838
992 705221 0 1724351
993 706115 0 1723532
994 709022 0 1726131
995 707512 0 1721152
996 709807 0 1733434
997 710848 0 1723738
998 712441 0 1721025
999 721450 0 1757767
1000 715637 0 1730022
