2 2733 0 738
3 4087 0 893
4 6249 0 3484
5 7774 0 3209
6 9174 0 3251
7 12982 0 2973
8 13914 0 10959
9 19566 0 11142
10 14156 0 8111
11 16195 0 8025
12 18979 0 9881
13 21227 0 9742
14 22386 0 9435
15 22737 0 9758
16 24877 0 24397
17 26634 0 22352
18 23599 0 19131
19 26257 0 19502
20 25765 0 19636
21 26764 0 19314
22 28222 0 20057
23 31285 0 18995
24 30408 0 23589
25 18350 0 13706
26 23330 0 17346
27 40167 0 24813
28 43473 0 28786
29 29936 0 17750
30 47616 0 24534
31 22711 0 13803
32 19519 0 25047
33 20750 0 24382
34 22152 0 24282
35 22408 0 24601
36 22967 0 25177
37 23799 0 25191
38 24570 0 26454
39 25015 0 25367
40 25500 0 26877
41 26515 0 26793
42 27736 0 26774
43 31945 0 27081
44 33065 0 30929
45 30034 0 27286
46 30759 0 27517
47 42540 0 36200
48 39601 0 39257
49 33965 0 31823
50 34821 0 32594
51 34901 0 32035
52 35919 0 32882
53 36807 0 32573
54 37423 0 32852
55 38240 0 33048
56 42595 0 38044
57 40799 0 36210
58 75896 0 57912
59 45591 0 36831
60 44093 0 35614
61 42961 0 34932
62 43701 0 35140
63 44898 0 34909
64 73055 0 101045
65 133598 0 167757
66 47138 0 66874
67 49258 0 67072
68 54045 0 67309
69 50135 0 67367
70 50950 0 68355
71 52048 0 67881
72 53852 0 69316
73 54494 0 69606
74 54199 0 68961
75 55216 0 69365
76 55676 0 69637
77 56926 0 70326
78 57313 0 69218
79 57854 0 70742
80 58534 0 74244
81 60712 0 73555
82 60977 0 73516
83 67436 0 77764
84 63477 0 74446
85 65169 0 74557
86 65662 0 74405
87 67404 0 74700
88 66948 0 75891
89 68303 0 75902
90 68867 0 76739
91 69248 0 77754
92 70031 0 77068
93 70681 0 76520
94 71661 0 77200
95 71985 0 76832
96 72434 0 88736
97 73773 0 87807
98 75101 0 88390
99 76229 0 88003
100 77278 0 88641
101 81536 0 88720
102 79634 0 88717
103 80431 0 87949
104 81478 0 90140
105 84051 0 91998
106 83335 0 90464
107 84529 0 92962
108 85938 0 92389
109 85901 0 92203
110 86897 0 93071
111 89352 0 93763
112 88250 0 97137
113 89265 0 97288
114 90239 0 97653
115 91638 0 97291
116 91799 0 98259
117 93123 0 98226
118 93483 0 98801
119 94689 0 98858
120 95561 0 100717
121 96297 0 99465
122 96669 0 99327
123 97804 0 99151
124 101454 0 100138
125 99177 0 100163
126 100439 0 102127
127 101464 0 101652
128 101436 0 175756
129 103610 0 175246
130 104388 0 175295
131 107897 0 176657
132 106522 0 179355
133 108485 0 178726
134 109847 0 178928
135 110046 0 178792
136 110986 0 184629
137 111877 0 179547
138 112944 0 177867
139 114156 0 177822
140 114844 0 177225
141 115769 0 178036
142 117458 0 178979
143 118079 0 179289
144 118640 0 182375
145 119813 0 182622
146 120409 0 184225
147 121612 0 183265
148 122826 0 182914
149 123407 0 181894
150 134486 0 196594
151 127829 0 185614
152 126898 0 187327
153 127990 0 191379
154 130436 0 186214
155 131238 0 185766
156 131976 0 188643
157 130485 0 188856
158 130960 0 186472
159 131517 0 188317
160 132625 0 197336
161 136367 0 203911
162 135761 0 196857
163 142227 0 200673
164 141677 0 202105
165 144622 0 199403
166 141918 0 199385
167 145745 0 201093
168 144468 0 200962
169 145425 0 201701
170 145564 0 201896
171 245983 0 314171
172 253462 0 314510
173 157354 0 210138
174 218646 0 277603
175 162106 0 217643
176 162397 0 209017
177 161671 0 219424
178 151580 0 205841
179 158882 0 209443
180 155179 0 208170
181 154192 0 205530
182 155915 0 205910
183 158123 0 207806
184 158229 0 207421
185 159320 0 205695
186 159405 0 209661
187 160266 0 207976
188 161189 0 206878
189 162997 0 206403
190 173665 0 218689
191 175508 0 209948
192 167510 0 236833
193 165253 0 237402
194 165712 0 239694
195 167999 0 237240
196 169175 0 236536
197 195141 0 266050
198 284906 0 360887
199 292952 0 362196
200 254848 0 322498
201 186237 0 250571
202 193893 0 260245
203 184187 0 245628
204 182499 0 241304
205 301244 0 382032
206 190403 0 239698
207 188502 0 246695
208 200343 0 252635
209 189801 0 242773
210 199291 0 256386
211 186681 0 244882
212 188477 0 242674
213 191431 0 244131
214 190402 0 242388
215 189827 0 242761
216 195528 0 241958
217 192060 0 241781
218 192618 0 242030
219 193467 0 242333
220 194133 0 241948
221 196410 0 242579
222 197939 0 241197
223 198030 0 242260
224 198092 0 253748
225 200898 0 252927
226 203506 0 254515
227 201578 0 252749
228 201946 0 257074
229 203792 0 256490
230 203966 0 253983
231 205545 0 255117
232 207212 0 256727
233 211763 0 267439
234 218370 0 265065
235 211268 0 256400
236 209319 0 255741
237 212152 0 256709
238 211007 0 258609
239 211630 0 256928
240 212294 0 260494
241 213600 0 259772
242 217292 0 260604
243 221755 0 259556
244 221957 0 274800
245 217893 0 260992
246 218606 0 260981
247 219973 0 261943
248 220472 0 263287
249 223555 0 262849
250 222256 0 262836
251 222806 0 263957
252 225164 0 262915
253 226088 0 263530
254 225688 0 262588
255 225955 0 263759
256 225591 0 431629
257 229110 0 429691
258 229435 0 430902
259 243779 0 438068
260 236066 0 431642
261 234294 0 435473
262 235146 0 432684
263 236389 0 432532
264 237530 0 433485
265 240493 0 433227
266 240420 0 433805
267 246898 0 439051
268 245098 0 439104
269 245146 0 443944
270 244391 0 433491
271 357104 0 610640
272 251439 0 457637
273 250160 0 441603
274 250038 0 441913
275 253532 0 439497
276 253488 0 438989
277 253236 0 439375
278 254522 0 440813
279 256385 0 438257
280 256605 0 442254
281 259383 0 439402
282 258246 0 443546
283 267465 0 447385
284 273547 0 450168
285 269462 0 454242
286 262774 0 443592
287 264784 0 446172
288 264666 0 454664
289 266591 0 455347
290 266891 0 452739
291 268736 0 451611
292 276016 0 464082
293 271209 0 454452
294 272272 0 455285
295 272898 0 453240
296 273130 0 455496
297 275091 0 454465
298 277406 0 457183
299 279573 0 463077
300 277249 0 455633
301 278728 0 456765
302 280080 0 455381
303 280798 0 455653
304 280239 0 458502
305 289520 0 465161
306 281708 0 464030
307 282767 0 461830
308 290247 0 459890
309 284762 0 460459
310 288278 0 462511
311 287519 0 461786
312 291635 0 464110
313 288478 0 462233
314 290385 0 462243
315 290880 0 463323
316 290576 0 461931
317 292537 0 463149
318 292497 0 462903
319 293515 0 462934
320 294362 0 493286
321 296062 0 488990
322 298676 0 490596
323 299892 0 493854
324 300899 0 491691
325 302131 0 491151
326 304701 0 495501
327 304945 0 492285
328 306442 0 493440
329 309378 0 495406
330 307791 0 494829
331 309701 0 493081
332 309961 0 491590
333 312612 0 493138
334 314769 0 492337
335 318779 0 492313
336 316251 0 496625
337 317276 0 497312
338 319476 0 498755
339 319075 0 498842
340 320419 0 497858
341 322821 0 502744
342 332716 0 507762
343 327849 0 503879
344 324980 0 500052
345 327900 0 501392
346 327420 0 499369
347 330192 0 499258
348 331427 0 499421
349 330510 0 500647
350 331005 0 500518
351 332161 0 499434
352 333872 0 517140
353 335096 0 512641
354 335388 0 510813
355 336255 0 513241
356 338333 0 510130
357 341743 0 513392
358 339658 0 514776
359 339090 0 512751
360 340521 0 511768
361 341535 0 513477
362 344243 0 513918
363 345687 0 513438
364 346613 0 517051
365 347734 0 514564
366 347818 0 513715
367 359712 0 533763
368 356510 0 523805
369 367690 0 519903
370 363166 0 528975
371 378834 0 551382
372 395309 0 584596
373 359751 0 523829
374 384235 0 538848
375 383558 0 548831
376 387478 0 577414
377 365630 0 559340
378 387756 0 547990
379 397717 0 576125
380 457591 0 638547
381 438808 0 570103
382 385943 0 578807
383 369469 0 532147
384 375527 0 625529
385 391743 0 625874
386 418346 0 647239
387 406834 0 612578
388 369174 0 598137
389 379868 0 597642
390 381008 0 601580
391 409044 0 599203
392 400584 0 650509
393 398397 0 620533
394 406606 0 617390
395 409102 0 597627
396 435200 0 668453
397 408490 0 613729
398 418723 0 607176
399 393785 0 605979
400 390835 0 595241
401 396438 0 614652
402 398898 0 604987
403 398528 0 613958
404 396828 0 616446
405 394709 0 617217
406 395118 0 618024
407 416453 0 628277
408 420683 0 639110
409 437653 0 658753
410 426715 0 612346
411 431851 0 634162
412 418399 0 659300
413 441969 0 624211
414 452543 0 646349
415 415804 0 639532
416 590137 0 864409
417 509288 0 704067
418 486732 0 686821
419 445035 0 661519
420 437311 0 666180
421 482603 0 707077
422 469842 0 675976
423 444671 0 668572
424 451951 0 668364
425 523593 0 760828
426 436090 0 656754
427 489458 0 681211
428 484050 0 690348
429 473088 0 630321
430 456598 0 655567
431 470095 0 652779
432 626226 0 853828
433 541792 0 745269
434 441790 0 650139
435 457786 0 647774
436 513244 0 736572
437 554794 0 724280
438 518621 0 717985
439 536348 0 756157
440 517922 0 733381
441 491498 0 700883
442 468777 0 668606
443 562772 0 775096
444 453788 0 658905
445 514083 0 669946
446 468769 0 660768
447 510832 0 671520
448 533553 0 781377
449 510879 0 720289
450 489197 0 703488
451 510368 0 727708
452 491839 0 712981
453 480448 0 704455
454 508801 0 693151
455 504135 0 708784
456 507598 0 718010
457 519647 0 728533
458 483936 0 696068
459 513138 0 704325
460 487450 0 695074
461 475653 0 674470
462 477661 0 677534
463 497249 0 700563
464 537744 0 781618
465 554142 0 785652
466 520931 0 707398
467 565864 0 746912
468 497075 0 724116
469 523648 0 727713
470 490403 0 678188
471 475397 0 670844
472 499061 0 683011
473 475491 0 669773
474 478013 0 673190
475 475969 0 668327
476 485627 0 674559
477 497180 0 689145
478 484668 0 688820
479 520832 0 722845
480 474261 0 686230
481 501903 0 708505
482 502727 0 698207
483 551286 0 760804
484 559686 0 759746
485 546361 0 741457
486 508899 0 704201
487 500388 0 692144
488 494573 0 706912
489 497915 0 682464
490 521436 0 733155
491 487675 0 685807
492 494445 0 672126
493 489094 0 689559
494 485115 0 671432
495 486920 0 671291
496 489667 0 675289
497 488883 0 679638
498 489228 0 678538
499 644588 0 856209
500 515823 0 696068
501 497011 0 692537
502 541294 0 718020
503 577046 0 744375
504 712954 0 884077
505 621711 0 783378
506 518478 0 751872
507 519681 0 729098
508 526088 0 696519
509 524073 0 696270
510 522814 0 715963
511 605355 0 761415
512 537314 0 1082826
513 516901 0 1077068
514 541135 0 1129837
515 530637 0 1069075
516 562902 0 1095987
517 711619 0 1388760
518 570982 0 1202034
519 539071 0 1097872
520 727105 0 1474172
521 572208 0 1111630
522 574235 0 1119258
523 536180 0 1062541
524 517829 0 1061213
525 519271 0 1054073
526 521037 0 1064383
527 521840 0 1051282
528 523647 0 1057847
529 526911 0 1062303
530 526709 0 1058322
531 527798 0 1062222
532 539057 0 1074961
533 529043 0 1065868
534 532542 0 1068042
535 534462 0 1061003
536 534358 0 1062179
537 536279 0 1063502
538 534387 0 1061344
539 538082 0 1063422
540 540558 0 1067180
541 544732 0 1065721
542 539869 0 1062594
543 541843 0 1069283
544 552359 0 1070707
545 546199 0 1076078
546 570751 0 1146097
547 777507 0 1458547
548 549942 0 1075155
549 549273 0 1075189
550 550023 0 1075009
551 551730 0 1074756
552 559011 0 1080344
553 556234 0 1076972
554 555533 0 1080814
555 560078 0 1077889
556 569497 0 1097858
557 575638 0 1086413
558 560876 0 1079832
559 562993 0 1080240
560 578435 0 1112950
561 564680 0 1085086
562 574437 0 1080355
563 567465 0 1083668
564 567130 0 1079301
565 571550 0 1083804
566 568732 0 1081340
567 570384 0 1079912
568 574418 0 1107871
569 576700 0 1084677
570 574292 0 1080988
571 577689 0 1116063
572 576573 0 1084769
573 580034 0 1084814
574 580287 0 1083748
575 591983 0 1112950
576 581195 0 1112622
577 582234 0 1112846
578 584979 0 1112139
579 585010 0 1118456
580 586196 0 1126324
581 587404 0 1120988
582 588297 0 1119419
583 658564 0 1193315
584 704219 0 1275147
585 643030 0 1201158
586 626341 0 1196280
587 632578 0 1198566
588 611083 0 1122105
589 600634 0 1131472
590 667179 0 1175494
591 611807 0 1155914
592 631655 0 1184117
593 653067 0 1146289
594 681901 0 1287896
595 644507 0 1230610
596 631511 0 1167062
597 620934 0 1181352
598 652908 0 1189091
599 639103 0 1157169
600 631988 0 1146821
601 651309 0 1212484
602 628005 0 1174474
603 629193 0 1155673
604 692350 0 1178856
605 620123 0 1156563
606 695976 0 1268946
607 657144 0 1148703
608 668211 0 1242980
609 646364 0 1178612
610 655384 0 1229819
611 711683 0 1199066
612 680790 0 1196758
613 658166 0 1198998
614 664568 0 1227069
615 646422 0 1167683
616 754297 0 1289278
617 662570 0 1170060
618 663642 0 1193590
619 648159 0 1204090
620 651613 0 1214704
621 716598 0 1330374
622 682634 0 1190107
623 675439 0 1169271
624 732898 0 1239371
625 651961 0 1154489
626 635257 0 1137821
627 637706 0 1143939
628 637631 0 1140644
629 661538 0 1159273
630 639452 0 1141181
631 673500 0 1174207
632 651589 0 1159210
633 670094 0 1192921
634 681909 0 1176245
635 690329 0 1195475
636 673354 0 1236899
637 784906 0 1321670
638 661462 0 1182946
639 676962 0 1154073
640 650905 0 1208220
641 664337 0 1233682
642 651296 0 1213092
643 664241 0 1223754
644 654950 0 1207832
645 657786 0 1206762
646 657151 0 1205736
647 657770 0 1209596
648 659931 0 1215153
649 661862 0 1207816
650 665205 0 1212994
651 664258 0 1217740
652 666105 0 1234142
653 668726 0 1211070
654 671069 0 1215004
655 683590 0 1208803
656 675506 0 1215539
657 671687 0 1212912
658 675683 0 1214855
659 737178 0 1309244
660 759082 0 1320914
661 725902 0 1251987
662 683167 0 1231792
663 1156477 0 1869509
664 1532942 0 2337552
665 1086859 0 1853914
666 877042 0 1462304
667 979551 0 1663037
668 1404472 0 2307187
669 1175200 0 1935450
670 1161724 0 1897400
671 1209542 0 1827530
672 1016699 0 1679241
673 918929 0 1434498
674 830978 0 1464714
675 1176746 0 1936963
676 1524340 0 2304815
677 1283793 0 1967105
678 802102 0 1420050
679 999953 0 1805911
680 756269 0 1306205
681 763925 0 1343019
682 819239 0 1361662
683 798637 0 1354135
684 811658 0 1286044
685 771310 0 1348204
686 805583 0 1306404
687 778941 0 1320369
688 940274 0 1600010
689 1229908 0 1985484
690 1054455 0 1713471
691 960494 0 1524633
692 860553 0 1451349
693 1020462 0 1625080
694 913835 0 1474363
695 850866 0 1367424
696 832875 0 1344684
697 812013 0 1390613
698 797613 0 1337528
699 835188 0 1347381
700 928089 0 1479954
701 823679 0 1354874
702 902468 0 1503133
703 848228 0 1410851
704 877140 0 1490211
705 902969 0 1475981
706 885346 0 1466399
707 991168 0 1607414
708 962845 0 1443883
709 918549 0 1645431
710 936772 0 1441013
711 877051 0 1354164
712 767087 0 1323386
713 788396 0 1358125
714 801412 0 1331601
715 797066 0 1323023
716 789216 0 1291957
717 780484 0 1327324
718 775971 0 1337619
719 1171031 0 1832844
720 1028856 0 1532470
721 919359 0 1464745
722 972979 0 1536579
723 999698 0 1745588
724 946849 0 1463490
725 1222062 0 1955408
726 974189 0 1538936
727 873047 0 1439975
728 918985 0 1502082
729 803593 0 1345529
730 969277 0 1593000
731 828893 0 1380770
732 960735 0 1493414
733 936003 0 1536755
734 965766 0 1582463
735 865504 0 1416612
736 820989 0 1355706
737 791949 0 1353197
738 811077 0 1335950
739 849791 0 1370028
740 841027 0 1367046
741 790606 0 1352611
742 819959 0 1333441
743 820303 0 1332223
744 796275 0 1325485
745 917750 0 1545152
746 844680 0 1308391
747 944095 0 1488735
748 1357423 0 2132609
749 1240983 0 1964369
750 1456030 0 2222180
751 1469473 0 2232271
752 1506849 0 2351702
753 1323816 0 1976186
754 1079430 0 1660293
755 919195 0 1552600
756 1047922 0 1539156
757 959136 0 1498267
758 1133993 0 1768012
759 907264 0 1404893
760 899651 0 1387320
761 859421 0 1372464
762 858799 0 1341096
763 926116 0 1476750
764 807257 0 1309302
765 798350 0 1304379
766 885996 0 1382659
767 799987 0 1297128
768 799135 0 1444394
769 801386 0 1454638
770 804640 0 1448285
771 802811 0 1444831
772 956702 0 1635343
773 831306 0 1502951
774 818464 0 1500632
775 823573 0 1490363
776 833950 0 1475622
777 817606 0 1448084
778 815072 0 1449049
779 1117199 0 1858246
780 1296342 0 2243764
781 1410859 0 2324125
782 1460992 0 2374098
783 870809 0 1526871
784 898680 0 1574174
785 953039 0 1601466
786 898682 0 1586257
787 857024 0 1472017
788 830379 0 1457171
789 1000003 0 1594905
790 850628 0 1480672
791 872692 0 1476356
792 837759 0 1456192
793 846807 0 1472244
794 852056 0 1458300
795 940582 0 1597143
796 927046 0 1544994
797 877474 0 1528949
798 870836 0 1499941
799 947666 0 1569769
800 867506 0 1483912
801 852242 0 1487130
802 851394 0 1470779
803 848048 0 1470013
804 927602 0 1589456
805 1043038 0 1644504
806 888161 0 1515132
807 863568 0 1492751
808 1249164 0 2021759
809 1435899 0 2286102
810 1478559 0 2229970
811 970914 0 1659466
812 861710 0 1470690
813 863107 0 1471371
814 1408353 0 2293680
815 1379472 0 2191007
816 866159 0 1480724
817 906048 0 1626662
818 1158873 0 1803130
819 993323 0 1626779
820 918037 0 1589413
821 924544 0 1512069
822 926793 0 1534563
823 987117 0 1592782
824 962493 0 1615936
825 892551 0 1489154
826 873706 0 1482696
827 889222 0 1480226
828 902951 0 1510603
829 1223585 0 1885210
830 1150092 0 1821808
831 982379 0 1658639
832 1115607 0 1854879
833 992561 0 1657885
834 887710 0 1512605
835 934915 0 1537834
836 954380 0 1598539
837 934517 0 1554291
838 955347 0 1591295
839 988000 0 1579814
840 1264639 0 2091378
841 1005246 0 1695247
842 928317 0 1565805
843 1312828 0 2016841
844 1586554 0 2560751
845 1638617 0 2624630
846 1069403 0 1734609
847 965490 0 1597097
848 942533 0 1581967
849 945293 0 1559842
850 908830 0 1546504
851 1034774 0 1719608
852 1437041 0 2254396
853 1104978 0 1798119
854 1422488 0 2239553
855 1616457 0 2602638
856 1350510 0 2216613
857 990188 0 1616118
858 1058805 0 1642648
859 1056714 0 1736708
860 976385 0 1548319
861 1087043 0 1705616
862 975527 0 1582282
863 977043 0 1644818
864 983157 0 1582388
865 921996 0 1540243
866 1057941 0 1728725
867 969027 0 1586359
868 1148908 0 1819778
869 962542 0 1576552
870 929150 0 1544712
871 933124 0 1534842
872 926230 0 1536615
873 930002 0 1537068
874 930882 0 1535267
875 935001 0 1541973
876 1090119 0 1740793
877 954812 0 1543673
878 947867 0 1538985
879 945359 0 1542930
880 947073 0 1544671
881 943360 0 1544484
882 942342 0 1542974
883 942877 0 1542266
884 1345570 0 2118181
885 1359707 0 2110364
886 959221 0 1548768
887 986618 0 1557423
888 946478 0 1540447
889 1026965 0 1649548
890 957591 0 1549393
891 1036839 0 1650410
892 1195136 0 1815097
893 1110923 0 1682560
894 1087525 0 1776799
895 956997 0 1547813
896 958307 0 1611670
897 959950 0 1617949
898 1004313 0 1635769
899 963378 0 1620135
900 1261809 0 2008537
901 985422 0 1622542
902 983248 0 1647438
903 982605 0 1632305
904 966487 0 1612991
905 968452 0 1617004
906 1047830 0 1702753
907 1485398 0 2318675
908 1415094 0 2158017
909 1040438 0 1757889
910 978503 0 1625892
911 997539 0 1618058
912 977603 0 1630045
913 979398 0 1620373
914 1050939 0 1706209
915 1195641 0 1898389
916 995654 0 1642319
917 1151252 0 1826810
918 1006331 0 1654227
919 1085271 0 1742303
920 1122119 0 1800081
921 1078493 0 1756177
922 1007940 0 1651620
923 1115047 0 1811960
924 1012329 0 1648376
925 1025572 0 1652475
926 996892 0 1652503
927 998870 0 1622352
928 1031557 0 1666419
929 1030836 0 1665558
930 1028412 0 1679254
931 1000252 0 1633633
932 1067299 0 1747873
933 1716483 0 2545630
934 1215361 0 1771472
935 1013109 0 1637947
936 1061581 0 1717828
937 1008792 0 1639007
938 1014294 0 1634345
939 1127930 0 1834065
940 1021223 0 1640190
941 1056160 0 1701904
942 1080603 0 1678510
943 1021083 0 1644790
944 1019141 0 1672348
945 1158478 0 1795055
946 1043908 0 1691163
947 1091235 0 1790221
948 1024399 0 1655292
949 1047859 0 1678994
950 1169535 0 1841325
951 1062704 0 1733703
952 1436736 0 2275677
953 1285238 0 2106871
954 1026779 0 1665301
955 1160233 0 1865782
956 1252922 0 1879592
957 1311354 0 1887189
958 1029049 0 1645020
959 1159131 0 1907195
960 1123145 0 1784152
961 1050882 0 1699593
962 1033340 0 1671141
963 1093860 0 1738494
964 1046693 0 1669099
965 1048853 0 1681494
966 1066470 0 1750688
967 1199868 0 1874061
968 1095580 0 1750597
969 1050805 0 1665167
970 1067388 0 1738381
971 1259592 0 1985157
972 1123207 0 1752189
973 1551682 0 2196457
974 1134690 0 1734884
975 1138138 0 1791824
976 1090699 0 1710622
977 1059818 0 1685764
978 1287263 0 2035961
979 1493916 0 2333762
980 1733538 0 2458847
981 1080305 0 1727825
982 1060170 0 1678945
983 1058688 0 1676238
984 1058867 0 1675111
985 1061605 0 1678147
986 1062341 0 1677315
987 1134251 0 1808467
988 1101516 0 1720162
989 1097968 0 1690253
990 1184676 0 1812891
991 1200532 0 1870883
992 1082137 0 1705707
993 1068058 0 1691355
994 1067629 0 1687501
995 1094820 0 1694800
996 1127836 0 1792599
997 1076799 0 1699701
998 1277527 0 1871758
999 1268953 0 1918403
