2 642 7748 226
3 665 6070 152
4 839 5167 384
5 1130 5014 406
6 1907 7196 587
7 1471 4594 390
8 2492 6847 1679
9 3051 7768 1921
10 2769 7145 1403
11 2675 8280 1140
12 3198 6636 1294
13 4748 7636 1936
14 4706 8005 1883
15 4914 7893 1849
16 5381 9525 5133
17 5987 8443 5096
18 6047 8789 4910
19 6224 8677 4900
20 6054 7787 4483
21 5914 8789 4081
22 6332 8355 4145
23 6729 8416 4389
24 6776 7690 4232
25 7385 8353 4206
26 7653 8530 4215
27 8112 8616 4207
28 8534 8371 4416
29 8668 8993 4154
30 8998 8798 4175
31 9277 8600 4298
32 9711 9057 12440
33 10462 8713 12715
34 10662 8712 12347
35 11194 8863 12428
36 11370 9128 12317
37 11985 8784 12484
38 12186 8915 12442
39 12396 8578 12428
40 12788 9082 12439
41 13150 8835 12362
42 13909 8731 12616
43 14061 8524 12472
44 14471 8718 12547
45 14820 8972 12543
46 15236 9118 12778
47 15276 8847 12554
48 15628 9026 12516
49 16074 8807 12531
50 16599 9216 12544
51 17420 9246 12894
52 18296 8916 12729
53 17758 8706 12485
54 17983 8922 12540
55 18504 8832 12739
56 18429 9039 12685
57 18984 9093 12657
58 19397 8755 12665
59 19869 8873 12711
60 20501 8962 13027
61 20564 9037 12788
62 20776 9139 12619
63 21079 8678 12720
64 21646 8924 33410
65 22436 9087 32933
66 22974 9117 33019
67 23553 9103 33166
68 23812 9021 33108
69 25075 9174 33463
70 24889 8842 33093
71 25313 8964 33038
72 25401 9112 33005
73 26359 9090 33236
74 26532 9047 33058
75 26950 8994 32974
76 27205 9001 33097
77 27810 9046 33406
78 27826 8946 33256
79 27920 8838 33195
80 28013 8915 33242
81 28797 8805 33308
82 29825 8831 33693
83 29882 9184 33411
84 30272 9095 33224
85 30827 9142 33349
86 32315 9267 33508
87 31594 8866 33418
88 31855 9069 33253
89 32273 8736 33218
90 33375 9128 33355
91 33107 9073 33356
92 33666 9204 33314
93 33773 8710 33441
94 34013 9121 33592
95 34923 9233 33622
96 34406 9075 33335
97 35257 8969 33337
98 35710 9079 33231
99 36658 9141 33662
100 36775 9075 33334
101 37196 8961 33546
102 37952 8729 33750
103 38541 8889 33486
104 38332 8909 33574
105 38788 8845 33557
106 39219 9117 33551
107 40274 8995 36041
108 40639 9078 36474
109 40917 8887 36393
110 41118 9271 36202
111 40632 9241 33567
112 41337 8987 33896
113 41359 9095 33594
114 41893 9165 33572
115 42366 9156 33612
116 44565 9070 34256
117 43498 9210 33681
118 43932 9066 33728
119 44555 9155 33846
120 44679 9063 33716
121 45868 9073 34067
122 45267 9259 33706
123 46162 9150 33744
124 46618 9108 33818
125 46941 8956 33986
126 46600 9284 33874
127 46840 8777 33754
128 48017 9202 82592
129 48771 9147 82663
130 49419 9190 82917
131 50047 9254 82505
132 50335 9153 82525
133 51318 9118 82660
134 51504 9104 82484
135 52117 9093 82520
136 52247 9239 82549
137 54081 9877 83038
138 53387 8882 82747
139 54011 9059 82505
140 54385 9023 82896
141 55259 9187 83135
142 55309 9146 82720
143 55641 9016 82699
144 55828 9082 82684
145 56504 9139 82588
146 57589 9129 83897
147 57532 9194 83169
148 58010 9186 82643
149 58500 9104 82656
150 59151 9110 83363
151 59444 9241 83061
152 59605 9231 82740
153 60037 9149 82789
154 60184 9192 83766
155 60495 9182 83048
156 60616 9162 82826
157 61477 9309 84100
158 61421 9210 82977
159 61105 9192 82877
160 61053 9164 82593
161 62005 9240 82996
162 62898 9231 83479
163 64287 9102 83400
164 64423 9154 82750
165 65057 9226 83120
166 65676 9137 83728
167 65889 9160 83085
168 66145 9263 83149
169 66660 9137 82893
170 68207 9150 83663
171 67700 9160 83157
172 68612 9231 83243
173 68823 9080 82925
174 72716 9072 83837
175 69230 9026 82827
176 69311 9242 83046
177 70034 9187 83115
178 71813 9328 83443
179 72292 9229 88053
180 72497 9210 88030
181 72966 9191 88283
182 75601 10157 88333
183 72804 9255 83382
184 72878 9059 83351
185 73608 9243 83614
186 74071 10326 83333
187 74122 9288 83635
188 74441 9265 83582
189 74502 9188 83208
190 74757 9172 83061
191 75514 9207 84087
192 75757 9131 83385
193 76102 9253 83439
194 76808 9125 83208
195 78166 9158 83710
196 78030 9288 83637
197 78633 9152 83363
198 79350 9232 84009
199 80550 9079 83386
200 80038 9199 83675
201 80748 9221 84077
202 81162 9231 83343
203 82820 9126 84186
204 82003 9159 83338
205 82445 9144 83498
206 83337 9140 83911
207 83351 9200 84218
208 83713 9305 83811
209 84116 9176 83583
210 85039 9185 83617
211 84996 9059 84582
212 86023 9256 83984
213 85900 9308 83491
214 86315 9142 83430
215 86970 9134 84029
216 86904 9191 84219
217 87400 9140 83424
218 87434 9207 83810
219 88930 9026 83963
220 88634 9307 83731
221 88371 9231 83590
222 88618 9169 83805
223 89641 9235 83939
224 89348 9321 83721
225 90502 9298 83811
226 90471 9296 83833
227 91847 9239 84074
228 91486 9147 83760
229 92068 9155 83882
230 92217 9234 83539
231 93113 9187 84096
232 93414 9198 83875
233 93833 9202 84143
234 94192 9237 83933
235 95492 9160 84281
236 95140 9209 83897
237 95779 9290 83832
238 96708 9279 84346
239 96764 9289 84433
240 97186 9175 84479
241 97471 9293 83831
242 97915 9201 83967
243 98331 9314 84609
244 98650 9248 84259
245 98875 9214 84001
246 99382 9247 83992
247 101217 9312 84363
248 100157 9214 84270
249 100429 9271 83992
250 100683 9337 84147
251 102140 9215 84357
252 101993 9235 84068
253 101467 9227 83761
254 102263 9136 84486
255 104858 9288 84504
256 103778 9212 198494
257 104218 9275 197770
258 104938 9271 197981
259 109368 9222 199699
260 106342 9235 198649
261 106991 9061 198149
262 108848 9197 199974
263 108274 9208 198078
264 108888 9302 197472
265 109601 9233 198536
266 111350 9396 199283
267 111307 9408 198001
268 111428 9214 198393
269 112023 9261 198912
270 117891 9248 199930
271 113044 9232 198031
272 113288 9255 198215
273 114500 11595 198762
274 114732 9306 198361
275 114776 9260 197817
276 115408 9305 198405
277 120261 9244 200983
278 116708 9195 197987
279 117132 9258 198066
280 117610 9262 198609
281 118528 9277 199686
282 118573 9172 198118
283 119230 9255 198351
284 119651 9132 198466
285 121021 9333 199286
286 120120 9310 198290
287 120332 9303 198317
288 120350 9282 198807
289 121704 9221 198881
290 121931 9276 197992
291 122303 9113 198055
292 124661 9088 198857
293 123398 9343 198176
294 123840 9274 198489
295 124572 9317 198671
296 125806 9317 199381
297 125371 9266 198351
298 125938 9282 198906
299 126514 9276 198452
300 129133 9199 199183
