2 537 7759 196
3 610 6077 171
4 819 5172 344
5 1065 5065 328
6 2150 7024 673
7 1887 4601 424
8 2793 7640 2055
9 2891 7413 1852
10 2504 7133 1418
11 3197 10676 1561
12 3872 6645 1842
13 4544 7593 1895
14 4830 7453 1840
15 5413 7820 2028
16 5032 8392 4854
17 6550 9011 5705
18 8356 9821 6263
19 6780 8590 5342
20 6397 8876 5134
21 7036 8825 6047
22 8290 8382 5389
23 8210 8431 5690
24 9033 7691 5236
25 8910 8904 5539
26 9239 8572 5027
27 8125 8681 4200
28 8634 8546 4395
29 13887 10914 6425
30 17767 10009 8116
31 18778 10156 8402
32 19674 12536 19292
33 14546 8725 15062
34 18538 8748 16153
35 16182 8815 15162
36 18555 10365 15709
37 21311 12160 16874
38 16705 13434 15085
39 22225 8718 16623
40 14417 9138 13619
41 14774 8836 14749
42 15877 8751 14169
43 20571 8538 14005
44 23345 9246 14464
45 24866 8981 14307
46 24260 10589 16495
47 21864 8848 16841
48 16156 9026 13150
49 17964 13001 13791
50 17106 9238 13193
51 17479 9216 13285
52 17351 8919 12629
53 18230 8652 13019
54 19827 8923 13560
55 18901 8824 13024
56 21648 9170 15130
57 20164 9076 13461
58 30118 8800 20010
59 27804 10469 17283
60 23001 11517 14278
61 26369 9002 15949
62 23882 9129 14463
63 28086 9234 15897
64 31297 9137 36426
65 38995 9231 38410
66 41396 10464 37929
67 42316 10387 42813
68 38406 8982 43355
69 26684 10165 34236
70 25911 8848 33695
71 26083 8965 33857
72 26337 9201 33660
73 26939 9095 33915
74 31369 9025 37246
75 28885 8997 34281
76 41226 12318 42716
77 37888 8950 39506
78 38616 9383 38443
79 39655 9639 38698
80 33329 8904 36724
81 32905 9000 36525
82 34778 8891 35502
83 30409 9316 33552
84 33504 9114 33740
85 31017 9137 33420
86 31408 9237 33235
87 32365 8870 33868
88 32139 9061 33358
89 32623 8774 33300
90 33181 9085 33471
91 34116 9077 33394
92 33764 9176 33176
93 33948 8768 33489
94 34782 9129 33809
95 34997 9239 33691
96 34777 9164 33438
97 35251 8959 33444
98 35997 9084 33657
99 36730 9190 33577
100 37388 9114 33644
101 37479 8994 33660
102 38633 8832 34159
103 38730 8945 33695
104 39406 8970 33810
105 39044 8897 33941
106 39443 9167 33612
107 39881 9004 33511
108 40469 9155 33815
109 40369 8927 33872
110 40586 9261 33616
111 41379 9294 33673
112 41380 8995 33650
113 41814 9106 33845
114 45863 9181 34037
115 42738 9156 33977
116 42914 9064 33730
117 44671 9218 34096
118 44811 9078 33812
119 44657 9152 33959
120 45215 9061 33681
121 46120 9083 34421
122 45726 9214 33891
123 46092 9150 33716
124 46077 9108 33856
125 49061 9005 34014
126 46735 9235 34017
127 47143 8770 33863
128 47819 9200 82618
129 48765 9478 82707
130 49773 9142 82514
131 50502 9258 82850
132 50812 9152 82989
133 51322 9111 82597
134 52222 9095 83212
135 52590 9109 82934
136 53031 9235 82825
137 53676 9086 83783
138 55025 8844 83454
139 55105 8995 83119
140 55149 9008 82827
141 55415 9183 82964
142 56734 9206 84279
143 56160 9002 82900
144 56615 9160 83033
145 57141 9151 83109
146 57979 9184 83353
147 57894 9194 82796
148 58319 9207 83171
149 58804 9101 83220
150 59677 9117 84801
151 59632 9255 83156
152 59943 9238 82948
153 77670 9151 90335
154 61224 9294 83725
155 61254 9165 83254
156 61533 9165 83278
157 61505 9366 82951
158 63855 9211 84180
159 61957 9199 83087
160 61990 9177 83908
161 63076 9194 83338
162 64370 9969 83407
163 63991 9077 83563
164 64463 9230 83139
165 65027 9231 83176
166 66144 9151 83102
167 66400 9151 83019
168 66185 9305 83139
169 66840 9105 82735
170 67139 9149 83016
171 69035 9154 83443
172 68819 9223 83257
173 69147 9223 83051
174 69121 9062 83317
175 70811 9008 83761
176 70127 9201 83220
177 70862 9186 83281
178 71382 9132 83510
179 75353 9172 84081
180 71769 9178 83150
181 72065 9161 83312
182 73170 9071 83294
183 74290 9225 83940
184 73641 8997 83325
185 74312 9201 83518
186 73791 9175 83200
187 75526 9264 83364
188 75009 9215 83449
189 75232 9134 83404
190 75608 9125 83354
191 76678 9210 83737
192 76149 9124 83322
193 76688 9177 83459
194 77343 9136 83286
195 79057 9213 83951
196 78390 9304 83247
197 79460 9147 83502
198 79489 9209 83331
199 81847 9086 83740
200 81104 9349 83717
201 81551 9227 83588
202 81899 9240 83703
203 83176 9133 83756
204 82753 9151 83635
205 84176 9127 83959
206 83396 9091 83678
207 84603 9203 84423
208 83983 9340 83794
209 84590 9128 83821
210 84795 9181 83778
211 87502 9068 83839
212 85973 9223 83535
213 86538 9285 83713
214 86880 9138 83430
215 89316 9140 83919
216 87627 9233 83665
217 88143 9142 83788
218 88373 9197 83695
219 90392 9007 84097
220 89095 9298 83659
221 89153 9236 83696
222 89278 9168 83950
223 94404 9237 84521
224 89899 9208 83981
225 90613 9317 83800
226 91327 9262 83863
227 92556 9715 84176
228 91842 9147 83962
229 92481 9026 83748
230 92864 9285 83948
231 98092 9182 84671
232 94236 9214 84136
233 94591 9203 84301
234 95111 9246 84021
235 95604 9156 84155
236 95665 9196 83908
237 96072 9293 84036
238 96602 9317 83854
239 99425 10831 84975
240 101022 9201 85055
241 104216 9289 86213
242 98399 9197 83906
243 98731 9347 83830
244 102871 9941 85397
245 103075 9210 85480
246 105515 9234 86111
247 124933 9502 95017
248 134515 10444 94696
249 118061 9366 90328
250 120800 10227 92123
251 124512 9809 90093
252 114238 9293 86836
253 109627 9350 84752
254 104245 9140 85580
255 106195 9290 84723
256 104474 9214 198499
257 104554 9300 197889
258 112838 9311 203209
259 111467 10253 202375
260 112528 9235 201103
261 116992 9058 200025
262 109105 9205 198839
263 129182 9217 201182
264 110607 9297 198750
265 110965 9238 198111
266 112077 9233 198532
267 112909 9342 199802
268 112502 9229 197996
269 117111 9288 200443
270 118673 9232 200118
271 114330 9221 198991
272 115009 9296 198293
273 118762 9252 201030
274 119045 9424 199860
275 118100 9228 200928
276 121044 9290 200364
277 126850 9239 200903
278 118311 9205 199295
279 118571 9258 198246
280 120587 9252 199597
281 124477 9293 199323
282 119971 9172 198183
283 120072 9266 199455
284 121991 9138 199571
285 120683 9304 198142
286 121014 9277 198631
287 121294 9278 198649
288 121496 9326 198370
289 122188 9223 198360
290 122984 9318 199012
291 123759 9134 198663
292 123837 9127 198939
293 124698 9303 199023
294 124848 9318 197990
295 126861 9262 199680
296 126179 9362 198393
297 126634 9265 198475
298 127800 9285 199375
299 127358 9282 198817
300 127789 9200 198516
