2 1401 8827 911
3 642 16116 146
4 843 11234 363
5 1143 11027 382
6 1390 10692 390
7 1564 11600 386
8 1823 15678 1269
9 2222 11915 1164
10 2504 14190 1218
11 2871 11781 1150
12 3055 16398 1178
13 3797 16121 1308
14 3773 16364 1254
15 4152 17675 1267
16 4369 15279 4260
17 5007 16539 4336
18 6403 16134 4512
19 6504 15848 4744
20 6751 17192 4993
21 7516 19153 4846
22 9761 14126 5028
23 9169 17546 5781
24 8255 16713 5267
25 9381 17711 5543
26 10393 16656 5192
27 8397 14227 4398
28 8822 17564 4473
29 9217 17872 4295
30 9397 16528 4339
31 9678 17508 4407
32 15675 17852 13416
33 19265 17042 14304
34 19767 17052 14504
35 22308 17735 14706
36 18647 18218 14060
37 21419 19492 14258
38 17970 16708 13692
39 22138 16657 13663
40 14216 17342 12570
41 14524 17216 12838
42 14155 18351 12616
43 15413 17315 12716
44 18238 16680 14820
45 21266 17355 13699
46 16141 17928 12558
47 16434 17843 12561
48 16556 16631 12720
49 17418 18270 12499
50 18667 16701 12734
51 18250 18198 12798
52 18427 17626 12624
53 25988 18040 13416
54 34809 17572 14787
55 31286 17081 14741
56 26484 17850 15583
57 34079 17561 14887
58 29173 18042 14411
59 33980 17595 14631
60 36918 17318 14563
61 24231 17072 13117
62 34315 18455 13357
63 41494 22380 20010
64 35150 18680 40573
65 34492 19532 39264
66 42408 28180 44053
67 40485 21058 44178
68 36488 20631 40203
69 39915 21063 41657
70 39854 17752 40163
71 31048 16901 36261
72 29766 18699 35622
73 33854 20140 37581
74 33239 17869 36050
75 40795 22090 37046
76 33862 17816 36372
77 35681 21194 36545
78 32492 18255 35428
79 36148 24181 37248
80 33911 18103 36132
81 37295 18979 37405
82 39186 17914 37280
83 38301 20272 37226
84 34147 18045 35073
85 32347 18431 33304
86 32727 18062 33239
87 32968 18129 33307
88 33305 18056 33289
89 33873 17876 33433
90 34766 18620 33883
91 34766 18055 33317
92 35940 18232 33859
93 35600 17805 33682
94 36366 18197 34288
95 36036 18230 33818
96 36600 18239 33823
97 37336 17962 33893
98 37881 18617 33452
99 37928 17663 33410
100 38348 18186 33375
101 39156 18163 33779
102 39451 18520 33541
103 40014 18367 33680
104 40043 18156 33594
105 41266 17671 33711
106 40954 18121 33501
107 41609 18356 33800
108 42768 18158 34110
109 42144 18182 33753
110 42567 17616 33809
111 42687 18488 33691
112 42533 18411 33727
113 43479 18191 33624
114 43795 18130 33699
115 44517 18344 33829
116 45193 18487 33627
117 45619 18224 33819
118 46100 18285 33899
119 47121 18271 33877
120 46997 18199 33776
121 47218 18090 33699
122 47534 17989 33794
123 52511 18255 34223
124 48811 18250 33779
125 49679 18303 35333
126 48797 18317 33902
127 48859 18321 33569
128 49910 17809 82307
129 50795 18325 81884
130 51558 18500 82012
131 52162 18388 82268
132 52674 18182 81962
133 53898 18817 82677
134 57037 18093 85387
135 57610 20037 85051
136 58244 18478 85643
137 55957 18332 82739
138 60368 18448 86802
139 57614 18370 83352
140 57441 18276 82993
141 58285 18204 83058
142 60092 18300 84328
143 58526 18219 83072
144 58438 18359 82296
145 59267 18387 82585
146 59757 18031 82418
147 60329 18280 82499
148 60797 18267 82513
149 61338 18502 82940
150 61783 18282 82690
151 62686 18396 82975
152 62183 18127 82593
153 64084 18262 82780
154 63078 18177 82519
155 63381 18163 82911
156 63610 18285 82475
157 63807 17971 82592
158 64051 18263 82856
159 64284 18315 82669
160 64386 18237 82941
161 65026 18202 82469
162 65534 18366 82333
163 66314 18033 82860
164 66939 18181 82597
165 67708 18375 82735
166 68293 18387 82922
167 68630 18330 82399
168 69240 18504 82891
169 70036 18416 83097
170 70343 18159 82541
171 70916 18381 82558
172 73754 18220 82845
173 71736 18249 82783
174 72293 17954 83058
175 72546 18207 82783
176 72836 18388 82868
177 76230 18333 83489
178 74306 18465 84432
179 75915 18449 82736
180 75110 18389 83075
181 75305 18333 83049
182 75886 18614 83242
183 76068 18452 83017
184 76448 18354 85125
185 76707 18364 82950
186 77069 18298 83378
187 77451 18249 82837
188 77776 18540 83078
189 78049 18633 83260
190 78304 18458 83028
191 78527 18324 82803
192 79751 18434 84859
193 79366 18404 83055
194 80190 18480 85229
195 80923 18200 83357
196 81241 18486 83047
197 86758 18531 85816
198 82701 18384 83413
199 83168 18341 83141
200 83517 18516 83494
201 84098 18352 83047
202 85032 18421 83177
203 85575 17942 83010
204 86649 18345 83893
205 86391 18331 83579
206 86790 18465 83885
207 86992 18555 83260
208 87070 18316 82903
209 94275 18528 83948
210 88674 18460 83158
211 119717 18386 95141
212 89203 18057 83775
213 99725 18189 88548
214 90213 18423 83236
215 97067 18637 88111
216 93257 18585 84082
217 95958 18585 83585
218 91942 18413 83048
219 97184 18161 85861
220 92559 18408 83232
221 92801 18547 83387
222 92743 18527 83696
223 93458 18449 83042
224 96717 18391 83956
225 94023 18145 83396
226 98139 18418 84010
227 96746 18462 83942
228 95765 18380 83791
229 96122 18420 83486
230 96851 18330 83946
231 100395 18556 83418
232 98676 18588 83607
233 98700 18271 83574
234 99266 18380 83624
235 99868 18429 83731
236 100246 18436 83799
237 100749 18519 83756
238 100875 18485 83743
239 101185 18452 83603
240 102890 18324 83837
241 103689 18359 83856
242 103265 18420 83531
243 103711 18414 83946
244 104677 18480 84285
245 104256 18583 83360
246 104599 18444 84106
247 107774 18421 84347
248 106523 18465 84110
249 106810 18406 83946
250 107479 18211 84451
251 106408 18549 83803
252 106563 18617 83812
253 107004 18434 84285
254 106887 18424 83881
255 107434 18621 83821
256 108568 18384 198447
257 109283 18449 198116
258 110036 18242 196817
259 110877 18548 196731
260 111781 18162 198815
261 112187 18633 197136
262 112938 18596 196615
263 113459 18322 210677
264 114166 18293 209364
265 115040 18462 209952
266 115966 18605 211180
267 116426 18619 210807
268 116920 18444 210531
269 118083 18103 210807
270 118303 18486 211898
271 118562 19950 207323
272 119083 18501 207624
273 119605 18454 207837
274 120566 18540 207467
275 121106 18351 206210
276 121430 18363 207145
277 121954 18514 207009
278 122588 18435 208406
279 124622 18645 208182
280 124503 18583 208064
281 124249 18408 209036
282 125025 18500 209247
283 127970 18613 208450
284 125161 18675 206204
285 126330 18551 206666
286 126063 18590 205868
287 126263 18545 208814
288 126575 18471 209028
289 127229 18415 209108
290 127951 18503 209228
291 128428 18185 212218
292 128866 18342 211922
293 129897 18530 211464
294 130175 18381 211954
295 131035 18454 208177
296 130889 18542 208459
297 131337 18510 207742
298 132102 18593 207883
299 132774 18586 205878
300 133784 18730 205768
