100
21 27 14 26 14 28 19  5  8 18  5 28 12 28  8 26 24  4  2  8 19 29 23 25  3 29 27 18  5  1 16 18  3  6  5 17  9 24 19  6  6  1 28  5 29  7  3  3 23 19 18 28 24 28 13  6 28 24  6 19 24 15  9 22 10 19 25  5 25  2  4 10 26 29 29 21 10  3 22 25 17 26  6  2 27 22 28 27 29 17 15 21 16 12  1 28 11 17 11 29
10  2 27  3 28 24 18 20 15  3 29  8  8 26 19 22  3 11  9 27 24 10 27 16  1 10 23 26 22  1  3 13 12 25 23 15 11 12  9 29  9 18 10 13 15  6 11 26 28 25 27 29  8 11 27  7 30 12 16 10 25 24 21  8  2  5 13  3  9  9 30  8 12 24  8 28  2 14 25 13 18 26 21 29 28 10  5 28 27  3  6  6  8 10  3  4 17  2 27 21
21 24 24 27 21  3 28 29 29  2 19 12 15 28 10 23  5  5 14 30 17 24 14  3 26 17 20 30 30 23 27 26  2 27 28  4 13 27 30 26  2  3 23 22 22 20 18 17 25 17 15 29 27  4 21 21 25 23 19  3 23  2 29 25  4 26 30 10 30 27 16 25  3  3 27  9 12  8 10  2  2 18 15  7 21  9 24 22 30  5 16  7 17  9 18 12  1 23 28 10
 3 15 14 17 17 13 23 26  4 26  2 28 15  5  3 15 21  8 27 23  7  9 25 13 28  1  3 12 21 28 17 29  2 10 13 24  3 11 26 17 19 10 11  5 21 15 12 25 18 23 30 22  1  2 20  9 10  4 27  6 30  6 10 28  3 28  4 13 13 23  2 12  6  9  4 19 30  1 21 29 19 17 23 15  5 12 19  3 24  6 27 17 21 27  6  2 19 20 24  8
 7  9 11 26  1  6 12 25 15 13 13  9 30 28 16  8 13 23  5 11 24 12 25 29 26 15  2 18 14  5 11 13  9  4  8  3 25 24 14 15 20  1  5 24 11 28  6  5  4 18 23 29  2 12 16 30 24 28 28 16 24 24 29  8  5  3 24 28 20 13 13 29 25  9 16  1  2 30 17  5  1  8 25 23  9 23 30 24  9 24 23 26 11 23  9  2 11 12 23 19
29  5  4 26 30  5 23 20  8 25  4 17 21 18  2  6  2 13 23 21 18 23 11 27 25 24 27 17 12  3 14 15 10 19 19  4 26  6 30 29 19 17 15  9 18 30 17 19 13 11  9 26 21 18 21 24 25 24  3 26  3 23 22 23  1  4  6 17 19  3 25 27 13 21 21  7 29  4 17 20 23 26 29 15 10 25  5 26 28  3 15 11 20  6 30 13  1 23  3  8
28 14 14 21 25 21 27 20 25 26 11 19 18 27 17 12  9 21 18 24 12 25 17 15 10 13 16  4  3  5 29 19  6 12 12  6  8 19 21 25  9 16 17 26 13 19  3 13 16 25 24 25 19 29  1 19 23 28  3  8 14 14  5  2 15 27 27 21  7 11 11  7  9 19 27 19  6 13  8 29 23 24 23  2 30 14  6  2 15  8  2  3 10  8 21  5  8  5 13  7
11 10 15 12 12 11  1 13 21 10 12  3  4 27 15 29 26 10  4  9 20  5  4  6  3 13 11  3  1  2  8 23  9 20 19  9 25 28 15  5 24 13  1  6 16  3  8  4  5 28 15 17  8 23 19  2 26 15  5 14 25 14  4 11  4  6 21  4 29 21  8 22  8 12  7 12  4 13 15  6 22 14 17 25  9 30  7 30 16 10 12 24 26 28 22 14  6  2 18 12
10 27  3  4 13 22  9 16 13  6 22 21 12  4  6 25 17  9 14 10 29 22 13  7 14 23  8 10 20 26 18  1 22  3 19 12 24  4 26 18  1 12 29 15 30 16 22  2  7 12 25 11 23 15 10 30 23  5  3  6 19 28 27  3 16 14 15 30 10 13 12 18 10 16 30 17 12  1  1  3  6 22 16 30 17  8 20  6 16  2  3  3 30 14  9 27 24 14  5 25
13  1 10  8  8  2 12  5  8 15 14 25 11  7  1  5 20 24 10 22 27 12 14  8  1 30 22  8  2 22 13 29 30  7 28 22 23 29 24  2 15 16  9 22 10 17 14 26 13 23  9 22 22 17 23 18 30  4 24 15 10 25 28  9 20 17 10  4 18 19 21 14  3 22 13  1 10 18  6 30 21 21 23  5 27 15 29  8 24 20  1  8  8  5  4 11  6 15 27 16
14 23  6 22  8 28 21 16 21 23 15 29  3 30  4 12 17 23  8  4  4  2 21  2 19  1 21  5 10  9  8 18  5 26 28 19 19  4  9  6 23  1 21 19  4  6 10  1 20  8 26 20 20 29  3 26 16  5 21  5 26  7 23 18 29  5 17 18  6 21 29 17  4  4 25  5 21 12  6 24 22  6 14 12 17 28 20  3 14 13 14 21  9 21  6  2 29 21 22 18
26 21 18 25  6 19  5 18 24 22 23  6 15  3 18 17 25 13  2 21  5  5 26  1 21  6 16 23 16  4  4 13  6 19  9 19 24 26  7  8 26 21 20  4 29 18 10 26 30 11  5  7 24 24 21 21 28 11 12 16 23  3 10 17  6 22  5  1 23 27 25 17  3 30 14 26 25 21 18 28 14  8 14  3 14 20  4 19 16  8 28  2  5  2 28 15 25 16 24 21
 9 24  9 17 11 30  1  8  7  2  5 29 18 10 30 16 11 28 11  4 20 19 20 14  4 27 25  8 13  7 29 18 29 25 12 16 18 23  8 16 17 28 11 21 30 12 11 10 22  4 22 16 26 19 20 25 29 24 12  9 19 17 12 25 28  5 19 20 12  1 21 18 16  7  9  1 11 23  1 26 12 19 21  5 17  7 26 10 16 21 23 28  4 26 24  4 29  6  4 16
11 18 28 21 20 14 28 17 15  5 23 30 13  1 30  7  3 23  9  5  2 10 20 14 19 19 12 13 18 20 21 25 21  7 30 17 20 20 17 18 29 14  3 20 14 27 23  7  5 16  2  4 28  3  7 20 22  9 11 29 28 13  6  7  5  9 24  6 30  2 17  9  6 28  2 24 27 27  5 20  3  7 29 29 29  9 12 30  9 20 22 30 22  6  8  1 20  9 10 30
 1  5  1 23  5 15  3  3 16  9 16 11  3  5 14 15 21  5  6 23 21 29 12  8 15 29  2 13 12  3 23 10  9 12 22 29 28 10  8  6 29 16 28  7 17  8  3 25 28 29  1 20 12 18 23  8 16 26 25  8 26 29 13  1 26 29 21  4 13 16  5 20  8  6 14 12  3  6 19 20  1  5 25  8 23  3  9 19 18 16  9 15 28  8 25 13  1 16 15 22
 6 20  6 24  9 13 18 25 17 12 30 26 16  9 18 22 19  2 12 25 13  4 12  4 27  9 20 24 11 15  7  9 19 24 20 28  8 26 18 27 24 11  1 10 29 21 27 19 28  9 12  9 30 10 21  1 18 23 18  5 22 18 26 20 21  2  8 20  8 13 30 28 14 26 25 11 24 22  5 10 13  2 23  9  2 19 14 23 20 30  6 22 29 16  6 23  3 12 30 25
26 20 12 15 11  5 10  7 23  7 20 12  6 16 30 18 18 20 10  7 21  3 22 13  3 13 29 30 26  1 26  5  6 23  6  7 30  4 20 22 19 28 17 24 10 13 12 28  8 18 14 11 13 27 29 11 20 10  2  8  9 21 25  7  9 27 10 10 11  2 26  7  3  3 15 17  2 24 10 16 15 19 14 20 16 15 11 22 23 29 19 29 26  3 15 16 28 24 13  4
28 22  9 10  8 14  2 24 15  7 26 28  5 15  2  2 13 17  6 14 13  2 26  2  2 28  6 29  1 25 20 10 15 21 12 29 19 18 29 20  4 11 14 14 13 20 13 28  7  4  6  8 27  6  5 13 26 28 16 28 16 16  9  2 16  9 14 11 11 17 18 11 20 16  4 16 30  2  7  6  5 16  4 14  3 30 21 21 20  1 16 11 30 18 14  6  4 17 17 20
11 13 12 10  3 27 18 29  7  7 29 10  7 17 17  6 29 24 14 29  4 25  5  5 29  8 27 27  1 24  5 14 29 13 29 23 16 16  7 12 10  5 13 15  2 12  7  5 25 20 16 22  5  8  3  3  9  1 24 25  4 17 11  4  3 29  3  6 15 19 11  5 15  1 23 23 15 26  3 12 25 13  7 20 16 23 15 27  3  3  8 24 24  5 21 12  7 26  9 14
 4  7 17 23  8 10 26 14  6 10 21 30 24 27  2 30 18 12 23 22  1 11 11 29 12 14  9 21 30 27  7  1  8 15  1 28  3 20 26  5 17 18 23 28 22 11 16 10  3  3 11  4 16  1 20 10 23 29 29 26  5  5 25  2 18 24  9 22 26  7 25 16 19 15 12 14 20  7  6 14  9 13 30 28 22 22  1  6  9  3 18 16  9 18 11  5 18  2  5  8
 7 30 22 15 18 11 18 21 11 22 19 10 12 20 20 28  4 28  7 21 18 14 27 28 22 13  5 29 13  8  2  6  3  6 27 28  1 19 26 11 12 25 29 17 27 14 17  9  9 24 29  5 16 17 26 12 27 28 15 25 19 12  4  8 18 19 24  6 12 30  8  7 13 27  2 12 16 20 23 16 24  4 30 27  6 27 22 28  4 10 28 16 14 23 29 30 21 26 11  2
25 26 15 13  4 17 15 14 29 29 13 30 22  8 13 23 23 18 22 17 29  6 19 23  5 12 13 10 15 30  6  3 15 24 19  8 21  5 20 28 15 11  7 14 28 25 12  9 11 23 29 29 22  9  6 16 10 28 23 12 25 30  8 19  1  5  3 15  8  5  1 24 11 18 20  6 30 22 27 20  6  9 20 20 21 28 10 27 27 16  7 20 16 27 18 20 19 30 27 20
 8  3 28  7  8 24  5  6  9 25 20  6  2  5 25 19 18  3 17 17  4 26 19 26  5 19 12 30 28 21  6  7 27 19 24 10 30 16 22 20 19 23 12 30 10  3 25 16 11  9 25 27 30 12 25 19  7 13 13  2 28 13 20 26 20 27 28  1 16 10 24  6 22  6 15 22  6 28 12  4 30 25 30 22 21  6  9 13 26 21  9 28 15 25  1 11 25 14 29 17
19 14 22 20  2  9 22 29  6 18  9 18 13 10 17 28 27  7 17 11 17 25  4  2 14 17 27 13 15  6 19 30 21 17 22 11 26 16 30  6 23  4  6 20 21 24 12 22 13  2 16 29 24 20  8  9 13 15 16 25 27 12 24 23 20 20 12 22  1 24 11  2  8 19 27 16 20  7 25 12 24 13 25 29  7  4  2  1 27 27  9 27  9 16  1 24  9 27 11 13
25  1 13 10 12 22  5 13  8 13 17 24  8 22 10 25 22 13 13 18 20 24 18 21  9  6 14  1 12 23 23 21  1 26  6 11  6 21  2 26 29  6  7  5 20 15 29 18 29  1 30 12 27  6 15 24 21 16 15 24 13 16 19 14 24 18 18 11  8 18 23 22 30  4 15  7 22 28 14  1 14 15 25 11  4 14  3  9 23 18 10 17  3 30 19 20 22 20 25 14
17  3 15 10 24  7 12 28  5  2 25 16 28 16 26 13 17 28 12 25  7 27 22  3 13 27  6 24  4 16 18 17 19  2  1 30  1 23  7  6 26  7 16 20  4  8 27 13 21 29  4  3  4  1 12 18 14  8 15  3 20 18 15 19  2  3 21 24 12 16  8 25  8  5 24 15 21 10 12 30  7 19 29 16 28 25 11 24  7 17 16  3 15  6 25 11 26  9  8  8
 6  4 29 19  4  8  3 12  2 26  7  9  4 26 19 27 14 10 27 17 19 30  9 27 23 22 20 13 28  6 27 29 17 25 26 11 11  8  7 29 26 27  8  7  9 12  7 13 28 25  4 25 30 16 11  7  3 11 29 27  3 27 23 27  7 16 21 29 26 12 30 22  8 26 12 16  8 19 11  1 29  1  9 12  1 10 30 11  7  4 18  4 30 28 23 14 13 18 12 25
26  4 29 30 23 22 22  4 15 12 16  2 27  6  7  9 18 10 22 25 21  9  4 26 16  8  7 12 10 14 22 12 19 16 21  1  6  8 30  7 13 26  6 26 29  7 25 19  2 13 13  4  7 20  5 13 14 20 26 20 17 30 29 21 26 20 21 27 10 11 19 30 25 20 18  9 13 15 29 18 16 16 17 23 16 12 29  2  3  6 27 22  1 25 20 19 12  3 23 16
26 12 13  9  3  9 23 20 29 16 15  2 27 26 28 20 15 19 21 10 20  4 11 10 15  8 22 19  5 22 24 21 28 27 21 17  2 29  9 29 15 18 23 24 14  7 11 14 14 11 18 28  6 23 22  3 26  8 13 24 25 27 26  9  5 16 17 24 22  7 22  7 10 30 15  7  7 23 15  2 20 14  9  8 20 12 17 27 27  7  3 29  6  3 23 30 10 13  6 15
17  7 19  7 24 12 10 26  5 15 22 19 21  9  7 18 17 29 15 28  8  5 13 20 10 14 20 22 19 25 19  7 12  6  1  2  9 11 20 26 17 21  2 12  1  1 28 25 22 12 27  1  2  1  1 30  5  1 28 26  4 22  6  2  7  1 27 30 27 14  8  8 13  9 28  9 26  8 17  5  8  4  4 25  7  5 30 20 22 18  9  1 24 14  3  4 22 28 19 20
14 20 13 23 30  3  7  3 24  6  3 25 22 12 26 22 13 22 18 10 21  7 11  7  4 23 10  7 22 30 28 19 17 15 25 13 29 23 23 16 14 27 17 19 16 28 15 22 13 23  4  9 24 19 14 21 26  3 23 14 30 27 20  3  2 11  2  6  3 14 19  5 19 23 22 27  4  6  5 18  7 14 19  7 25  6 17  3 10  7  4 18 18  4 23 26 23 16  2 23
 6 10 14 12 29 15 17  3  1  6 14  5 28 30 23 30  8  6 17  7 30 29  2  4 13 27 30  4  1 27  1 27  3  6 22  5  2  8  5 14 22 23 15 15 29  8  9  8  3  3 20 27  8 28 14 20 20  1  8 14 29 22 20 16 15  7 19 12 17 13 21  4 27 28  1  9 16 16 13 25  8 24 24 12 19 25 14 27 25 20 30 23 20 12  2 18  4 29 29 26
22 15 27 20 11  8 20 12 29 24  3 13 24 22 20  8 13 15  7 25 29 25 30 11 16 14 12 14 23 12 29 24 23 28  6  8 30 11  5 19 25 12 20  3 25 22 13 15 30  4 11  9 10  2  6 14 28 14 28 28  3 28 21 19 16 21  6  6 30 23  1 13 20 17 18 11 22 19  4 30 14  9 28 26  3  3  9  5  8 29 18 17  4  9 14 23  5 19 16  2
19 14 22 18 13  3  7 19 25 12 25 11 24  7 27 26 15  1 23 12  6  6  6  5 12 14 29 26  2  5  8 12 13 19 16 16 26 11 14 16 21 16 11  6 18  1 19  1 17 15 17  4 13  6 22 20 19 13 18 28  6 24 26  6  6  6 29 26  8 15 22 16 30 20 20 27 18 11 22 27  8  6  5 25 30 21  3 17 30  2 10 27 18 22  8  5 30 22  7  4
25 12 26 29 11  8 21 28 12 10 26  2  5 17 10 16 15 30  8  5 23  2 19  5  6  9 10 14 23 25 25 19  1 30 28  9 27 11 16 23  5 17 26  2 11 10  2 27 26  5  8 26 20 19 28  8 27  1 11 12  3 26 18 22  9 21  2  3 30 23  7  1 20 22 12 27 29 15 26 23  3  3 15  3 19 25 14 25 13  6 14 19 30 10 17 24  2 28 15 15
 1  2 10  6 27  7 14 27  1 29 21 10 25  8  1 23  3 28 27  2 26 28  3 16 20 19  5 17 28  3 14 19 25  3 30 18 15 16  5 22 29 11 28 29 11 22 30  9  5 26 22 19  6 21 22 21 26  6  5  5  6 19 27 12 28 25 27 11  6  3 11  7 23 24 26 29  4  2 15 20  1 19 21 15 22  2  6 13  6 15 14  4 20 27  5 24 16 20 23 11
27  3 16 10  7 10 14  8 13 20  4 25 22  1 13 16 23 30 15 20  2 26  9  7  3  6 27 23 20 29  9 22 26 13 27 21 13 11  7  9 12 17 22  8 21  4 10 28 14 27 11 12 30 21 28 30 22 12  8 26  2 20  2 25 24 25  4 15  9  9 11 23 19 30  7 14 29 11  2 23  2 22 25 22  3 17 25 28 10 13 20 18  6 15 15 28 13  5  4 27
22  5 14 13 26 10  2 10  3 11  4 12  4 20  1  5 27 28  4 25  9 14  3 24 21 23 19 28 24  6 15  1 10 12 20 22 24 19  6 16 11 22 22 28 23 26 21 11  5 29 13  8 14 27  9 11 11 18 19  8 25 19 10 14  5 21 19 22 13 19 25 12 16 27 20 27  9 14 20 12  9 19  6  4 26 10 22 11 23  5 21 22  4  6 30 21 17 23 17 25
29 13  3  3 13 18 20 20  8  1 25 22  1 22  5 14 21 17 10 28  4 22  4  1 17  1 14 15 15 13 28  8 24  9 19 19 29  5 26  4 14 10 23  3 28 18 21 13 22 18 30  3  5 23 25  9  7 13  8  6 21 23 28  6  5 16  3 22 28 19 15 10  8  3 28 16  7 10 21 16 29 17 11  2 30  3 21  7  5  8 21 19 26  9  6 27  8 12 24 12
 3 13  5  8 11 20 14  2 27 12 29 30 30  5  7  4 27 24 24 14  6 10 20  9 20 11  3  2 23  1 24 28  9  7 19 27 13  4 24 23 23  5 13  1  1 12  5 17 17 18 20  7  2 26 19 11 22  4  2 13 10 23 15 16 10  5 17 30  9  6 16 28 30  9 21 24 21  2  1 21 10  5 23 12  3 15 17 23 23  5  7  6 30  3 30 17 27  8  8  4
16 27 23 18 24 18  5  1 20 17  7  7 28 19 13 30  9 11 24 25 14  4 10 21 15 28  5 26 22 24 13  1 22 25  3 14 29  3 16 10 13 10 28  3 29 13  1 28 30 23 11 21 22  2 20  5 24 25 13 13 21  4 21 23 13 19 20 16  7 16 23  5 17  9 23 21  4 10 15 20 13  5 30  5 18 27 16  3  3 27 23 10 30 23  7 23 15  8 18 24
22  5  8  9 18  7 22 27 24 12 26 16  9 10 24 11  4 13 14  7 10  8 26 22  1 26 24 21 18 21 16  5  4 23 10 29  9 13  1  8  6 24  5 27 30  6 22 24 28 30 11 26 12 23 21  6  8 11  1  6 20 14 12 12 13 25  3  5 28 16 25  6 19 28 27 13 29 28  6 11 15 23  9 16 24 24 10 14 25  8 11 18  3  9  5 13 11 27 24 24
 5 30  8 26 25 16 19  7 30 15 14  2 11 16 10 28 19 26  6 30  5 30  7  8  8  1 12  7 14 25 24 16  2 17 13 25 27 24  7  7 11  3 14 21  8 12 22 11 30 19 10 27  2 21  4 25 18 24 19  4 15 24 19  7 10  5 22 25 25 24  4 26 29 15 17  5 18 30 10 14 26 19 28  9 19 21 23 19 16  8 11 30 21 14 14 23 15 14  3  6
 3 30 28 25 14 28 19  1 11  8 28 19 29  5 15 26 30 25 24 12 24 26 18  8 22 14 25  1  5 24 22 29 16  6 27  9 13  1  6  9 27 23 30 13 15 27 23  8 19 15 25 16  7  8 10 20 21 26  8  1 26 22  9 11  5 21  9  3 18 18  5  8  9 18 15  5 25 13 23 30  6  9  1 11 21 13 17 12 24 16 16  8  9  2 28  6 21 19 17 15
26 27 19 28 24  8 24 15 14  9 26  8 17 26  2 24 23 12 19  2  2 25 16  5  4  8 23 10  9 24  9 21 12 27 16 12 20 23 22 16 20  3 21  4  5 10 17 23 10 14 26  4 19 28  9  7 23 11  3  5 13  9 28  9 10 11  3 28 26 22  1 17 11 18 27 22  2  9  3  1  5  5 18  4 24  4 10 12 13 25 19 19 25  7 24  3 19 18 19  3
 3 25 28 17 10  2  8 26  8 20 14 19 24 22 23 28 29 30  4 30 15  9 11  8 13 12 10  5 22 24 19 26 10 28 23  4 24 22 22 10 25 13 22 30  1 22 22 29 11 11  2  5 21 12 13 27  7 17 28 28 27  2  1  1 16 15 10 18 18  2 10  6  8  4 30 22 22 28 24 11 19 15 18  3  3 24  8 15 24  9  1 19 26 17 30 15  4 28 13 27
28 25 20 10  3 24 26 20  9  7 17 30  2 15 30 19 12 29  2  6 14 17 29 11 11 28  7 23 26 20  7 15 17  6 27 18 16 28 29 18  2 10  3  5 21 25 25 22 15  6 14 13 10  2  7  6  1 19  3  6 30  4  8 20 15 24 10  3 10 14 23 27 19  3 13  4 21  5 28 17  6 23 18 24  9 26  7 30  4 26  7 29 21 29 22  8  7 22 14 11
 1 11 18 15  4 27  5 12 27 14  1  1 18 12 20  7 25  5 23 24  7 19  1 19 12 15  5 26 11 15 20 12 27 11 23  8 16 15  9  3  2 16 13  5 15  3 26 13 22 17 24  2 17  5 22  3 19 30 13  4  7 13  5 20  4 17 18 28 15 18 11 17  2  4  5  4  1 24 27  2 11 10  3 15 12 13 23 17  2  7 16  2 11 28  6 24 22 26 26  3
12 17  7 10 12  5 20 22 17 13 19 20 21 15 24 30  6 13  7 24 24 16 24  7  2 29 10 17  7  4 23  4 10 17  2 17  6  1 19 28 13 27 23  6 16 22 29 15  7 14 16 19 10  5 20 15 13  4 12 19 23 16 27 16 24 14  1 12 14 17 12  1  5 30 18  1 11  9  8  9 11 11 25  1 23  1 21  8  9 26 25 21 29  8  8  5 11 27  3 10
22 20 13 12 27  4 13  8  8 26  2  7 29 23 10  7 20  4 18 12 11  8 12  9 13 20 16  2 29 19  4 26 23 16 28 14 23  9 26 29 18 22  1  1 15 25 27 20 27 14 24  1  5 19 13 24 19  4 25  6  3  7 17 20  2 21 15  2 30  7 20 12  9 23 11 25 26  6 12 19 30  1 30  5  8 10 16 10  8 21 14 10 28  3  2 26 15 28 26  2
16 21 17 25  1  8 10  3 20 16 19 24 21 12 11 25 17 23 29  7 14 19 13 27  2 25 18 26 18 21 12 13 23 17 13 24 26  6 13 12 24  6 12  5 24 29  6 24 16 15  3 22  2 27  8  3 14 14 20 17 22 12  9 20 24 12 10 29 19 21  3  5 16  1 22 21 11 11  4 26 13 29  3 15 15 12 23 29  8 11 10 14 10 27 19  1  8 29 14  6
 8 30  7  3  8 11 14  2  6 13 16 26 18 22 16  7 21 25  8 10 22  9 19 11 12 24 15 21 24 19 19  1 18  3 20 10  9 20  5 28 11  2  5 21 29  4 28  4 15 22 30 14 23  1  1 24 19 10 30  9 29 25 30  7 17 29 10 25 27  1 13  7 16 11 24 10 28  3  9 15 20  9  1 29 28 12 23  2 24 22  5 16  2 15 19 19 13  8 20 14
18  5 30 29 15 22 22 26 14  9 29 19 10 14  6 17 13 15 26 13  3 10 21 25 18 25 19 18  5  2 27  5  8 16 14 27 20 18  2 23 27  7 15 10 12 11 29  5 14 20  8 23  6 23 27 23 17 12 24  6 27  3  1 25 15  2 27  2  2 17 22 17 29 26 29  8 21 25 15 24  1 14 14 26 24 25 19 17 22 30 11 15 21  2 18 24 20 17  8  3
24 26  1  5 13 18  6 21 28 30  4 16  5  3 21  2 12 19 27 14 16 25 22  8 20 17 20 13 17 28 30 25 22 12 10 13 18 26  6 15 23 17  7 25  9 22  3 16 10 23 15 22 11  2 16 16 11 26 25  3 24 13 24 25  3 28 21 16 20 19 10 28 25 24 24 24 29  2  2 16  3 21  8 29 23  8 30 18  6  7 24 25 15 13 18  5 14 13 13 27
 1 25 17 17 10 30 19 23 11 14  9  4  7 13 17  9  1 23  1  5 18 12 18  7  7 15  1  2  5  5 19 13  8 28  2 17  5 26 21 29 27 13 18  3 15  7  6 17  1 21 16 21  3 28 23 10 24 12 25 17 21  7 12 16  9 30  5 30 27 10 23 22 18 28 26 14 24 16 16 20 13 16 30  8  6 28 11 23 28  2  2 19  6 11 24 14 13  2 25  5
26 27 16  1 14 18 26  2 12 18 15 20  1  5  4 22 24 10 18  5 21 23 19  4  1  1 27 21 20 14  5 24  1  3 18  4  3  6  9 15 11  5  4 17 15 24 30 27 17 21  8 28 29  9  8  7 14 13 24  6 23 14 11 21 24 22  8  4 23 23 23 14  7  8 24 30 25 16 21 30 24  2 12  8 20 26 27 25 19 10 11 25  5  1 23  7  2 12 21  2
 9 25 23 12 17 22 17 24 16  1 10  7  9 11 29 30 18  6  1 26 21 21  3 21  4  3  2 16  4  5 26 12 23 24 28  3 11 16  2  7  8 23 21  3  4 19 19 18 16 21 23  6 11 22 22 30 19  8 30 30 20  4 14  4 24  4 26 19  4 10  1  9  7  1 21 14 14 22  5 30 28 16 14 26 24 19 26 16  4  9  6 16 22 14 29 22 10 20  4 21
 9 28 18 22  4 18 22 26 27 20 21 13 10 28 25 29  5  2 12  5 26 20 10 18 27  7 11 18 23  8 24  7 30  2 22  9 27  1  9 25  7  2 13 19 21 21 30 21 28 14 18 29 25 22 30 24 19  4  3 14 29  9 23 22 30 20 26 18 22  6  5 16 11  2  4 18 24 24  3 21 22 28 25 12 30  4 16 30  9  8 23 25 16  1  3  3 30  2 21  3
16 23 21 23 29  9  5  3 22  7 16 20  2 22 17 13 29 12 23 29  1  2 29 17 21 28  8 30 21  1 10 16 28  6 19 16 16 17  6  7 30 12  6  6  3 30 23 14 16  6  7 17 29 29 24 20 13  6 30  3  2 14 16 26  5  7 15 15 29 11 13 22  3  7 15 19  2 14  3 11 20 27  8 25 30 14 18 10 17  8 19 27 15 29 30  7 30  2 30 24
18 15  5 18  9 10 29 10  1 26  2 13  9 18  6 22 10  3 18  5 16  5 14 23 25 24 15 21  8 30  8 18 20 17 21 21 14 26 20 20 28 26 11  7  7 12 24 21 21 28  1 18 16 25 13 21 28 18 28 20 23  5 30 16 11 24  1 10 28 26 11  5 12  3  8  5  5 25 13 26  7 27 21 24  7  4 21 20 30 17 14 27 17 19 19 22 17  8 25 12
20 23  8 17 23 11 13 11 24 11 14 30  1 20  9 25 20  5 12 27 27 22 12 27  7 24  1 12  7 10 29  9 13 16 11 21 23 23  1 11 13  8 26 22 21  3  3 10 28  4  5 14  8 21 12 19 17 17  7 12 17  7 16  8 17 25 14  2 18 21  2 18 10  9  2 27 26 13  2 18 12  6  9  4  5  8 21 29 16 20 21  3 21 19 23  6  9 23 10 22
10 12  5  5 25  8  6 16  3 30 14 16  5 19  9  9 25 22 25  2 26 20  5  6 30  5 28 27 12  9  2  2  3 16  7 17 17  9  1 18 25  7 12  1 22  3 17 25 14 10 22  3 21 24  3 11 25  3 19 14  5  3 14 10 28  6  2 16 15 23 24  1  7  2  3 24 15 21 21 21 25 30 14  4  5 18  6 22  3 15 30 30 11 13 21  3 17 16 11 13
10  9 15 28 21  3  9  3  1  1 12 29 26 19 22 10 22  3  3 26 22 12 11 12 18 22 28 25  7  8 24  1 25  3 15 22  3 11 10 22 20 17 26  5  3 19 16 15  4 14 22 12 12  6  1 18 22 17 14 23 30 10 22 24 18 16 17 15 27  4  2  9 30 12  1 30  7 17 12  1 30 14 24 25 21 22  7 22 23  9  8 22 21  5 14 18  7  3  4 18
29 14  3 25 23  3 23 24  3 13  4  8 14 27  2  7 21  5  2 24  9  3 23 14  3  7 30  7 29 20  5 14 10 19  2  2 28 28 11  1 18 10 17 15  1 19  1  1 11 21  6 24 11  8 12  3 30 22 14 18  3 18 25  4  4 14 11 25  8 14  4 24 15  1 19  8 28 14 25  2 28 25 20 17 12 28 20  5 18 22 13  3 26 16 21 22 15 23 12 18
25  5  6 20 15  6 26 11 29  3  9 24 22 15 17  2 23 18 26 19  8 18 12  7 27 11 25 20  6 22 10 26  1  5  4 12  1  6 21  4 16 25 18 25 19 27 11 15 12 20 16 28 14  6 28 10  7 13  1 25  5 25 15 30 30 14 28 16  9 22 24 25 30 30  9  4 13 20  3 17 14 28 27 24 24 17  5 28 22  8  4 20  2  1 22 19 21  4  8 11
13 16 23 23 21 22 17 21  9  1 17 14 14 26 10  6 16 27 27 30 29 15  8  8  7 27 11 30 29  2 25  3 11 16 19  8 14 30 20  1 15  5  8 27 10 11 30  9 10  1 26  6  8 12  8 24 10 15  4 20 30 30 23 10  4 24 17 10  2  8  2 12  2  6 24 27 11  4 30 14 11 30  9  6  8 13 13  4 22  6 23  6  5 24  3 14 17 24 22  9
28 25 13 11 13 30  9  8 30 28 20 26 14 11 10 25 16 10 21 29  1  1 24 12 21 16 28  4 20  2  9 28 20 30 18 20  2 12 24 12 18 30  4 19  4  4 11 29 18 29 30 26 20 11  9  8 12  4  2 28 13 29 15  3 25  7  4 12 29 22  6 11 15  1 22 16 30 29  6 26  1 10  6  4 24 13 16 20  6 17 25 28  4  6 29 29 13  7 17 29
11 13 11  7  3 26 10  9  7 14  1  5 11 10 14 16  3 23  6  3 12 21 17 16 23  5 24  3 10 26 18 15 21 24 30 12 18 26 30 15 11 26 14 13  5  6 13 22  9 16 29 23 10 14 16  6 15  8 20  3  1  8 17 16 30 21 21  1 10  4  9  7 12 18 24 13 17 18 20 26 16 14  7 26 11 18 10 14 22 19  9  9 18 17 14  6 30 15  6  3
16  1 12 15  6  3 27 27 26 29  8 29 12 26 19 18  7 21 11 23  4 24  3  6 16 27  9  5 25  4  3 20 19 16 24 24 22 10 18  5 28 29  4 17  1 22 19 30 13  3  8  8 21 18 19 19  4 21 15 24  4 25 18  9 13  5 29 26 11  5 19 22 13 21 11  3  5 11 15 14 18 11  4  8 27 11  6  1 16  2 11  7 22 28 16 29 28 16 17 16
23 23 18 14 23  9 14 21 24 22 18 18 14  8 13 21 29 16 16  6  7 23  4 23 23 20 29 24 24  5 22 19 29 30 29  9 16 16  1 13 13 13  8  7 22 23  3  5  5 23 19 28 23 10 13 27 25 24  2 21 22 27 21 26 16 13 25  3 10 29  8 25 24 22 16  7 20 14  7  5  3 30 16 29 17 27 20 29 11 14 10 17  5  6 16 13  5 23 18 29
15 17 18 27 17  2 23 17 28  4 27  6 20  5 24 28  5  1  7 13 23 16 21  9  1 17 24 16 27 19 24 22  1 27  8 10 21 12 28  6  8 13  9 15 30 20 29 16  2 19 21  1 10  8 18  5  5  4 18 13 26 10 15 14 25 26 23 21 21  5 25 16 27  4 15 26 14  2 23 22 11 25 17 24  7 13  8 24  4 16 13 11  4  4  5  1 26 23 28 24
26 21  1 10 14  1 10  5 15 28 26 11 29 30 16 27  4 18  3 13  3 13 14 22 19 17 20 14 16 27 13 14 13  2 23  7 10 25 27 16 23 25  4  2 27 29 12  1 20 24 21 17  4 21  2 29 12 11  4 24 21 10  1 11 19  3 23 30 14  1 23 12 14 26 14 30 26 19 13 30  7  6  7  6  8 15 10 24  5  7  9  4 30 21 11 13 25 25 20 30
19  6 27  5 23 21  1 17 27 11  7  4 20  9 28 29 29 22  4 26 27 12 25 23 25 10 17  7 23 14 19 12 26 17  6 20 26 17 29 29 22 13  6 18 16 17 13 24 27  2 29 11  3 20 29 20 22 23  9 26 26 20 30 18 16 15 29 25  4  5 19  2  4 27 30 13 19  3 27 16 25 21  8  2  5 29 28 14 27 26 17  6 27  7 22 27 16  3  9  9
16  7 19 25  1 13 16  5  9  2  7 28 30 25  4 14 18 15 10 18  4 11  8 26 12  3  7  4 25 16 18 15  6 16  7 27  8  8 20  5 10  3 28 17 26  8 26 26 15 13  7  1 28 22  8  8  9 20 22 12  8  6 10 10 27 11 15 21 15 15 27  3  6 10 22  8 27 10  4 10  3  3 15  8  1  2 24 10  9 29  9  1 29 28  5 13 22 24  5 27
17 18  6  9  5 29  4 23  9 14 30  5 13 24  2 28 16  3 22 17  7  1  9 27 26 29 21  4  1 16 13 24 22 27  1  2  3  4  6 26 30 10 13 25 11 28 14 29 17 14 19 24 13 13 21 22 21 18 28 10 18 21  6  3  4 14  6 22  7 20 18 19  7 22  3 29  1 27  4 20 19 25 23  8  2  5  9  6 15 13 15 12 10 22  3 24 27 18 18  1
20 30  7  4 15 26 24 26  5 14 13 14 14 24 11 20  5 18 28 29 18 26 11 24 21 21 25  8  7  6 28  4 29  1  6 13 22  3  1 25 19 20 24  4 25 26 22 24 16 13 18  6 12  9 24  9  5 29 12 11 28  6  6 19 28 30 21 30 12 10 18 10  4 12 14 10  1 16 25 12 17 20 20  3  9 30  1 10 28  4 30 20 14 26 16  2  9 21 10 16
26  8 14 18 11  1 16 22  4 27  5 28 16  5  8  1 29  8  6  5  5 26 29  7  4 14 30  3 23 28  9 30 27  6 22 19  7  8 14 27 22 14 24 29 17  4 28  7  6  4 28 27 14 11 17  5 15  7 12  2  4  4  7 29 23 11 14 25 26 13 16 17 16 27 14 12 14 23 26 24 22 11  4  5  5 16 13 11 27 13 13  4 11 13 21 21 10  8 19  5
 4 13 22  9  5 11  6  1 15 25 16 23 16  6 25 26 22 23 23 28 16  8 15 11 20  1 19  1  6 24 16 30 21 13 10 23 16 24 16  9 20 26 28  1 28 19 27  8  2  3 15 15  1  5 24  1  7 24 29 29 22 16  8  8 27 10  1 30 11  9 26 28  4 11 28 15  7 26 12 11 10  2 12 29  9 28 15  9 14 26 15 17 29 15 23  5 10 17 24 10
11 14 24 26 24  6  5 23 14 25  9 18  8 29 23 26  9 17 14 12 23  1 25 17 19 17 12  3 14 18 17 13  7 30  2 25 24  6 14 12  1  8  5 12 10  5 29 23 19 18  7 29 22 22 21  1 28 24 27 14  3 10 29 21  2 23 24 10 18 17 30 27 13  3 18  7  4  4 11 10 25 20  8 26  2  4 25 23 21  5 13 11 24 14 15 20  5  9 13 22
24 18 19 17 15 19 12  4 29 28 19 19 16 26 10 26 16 22 26 27  2  5 13 13 11  9 17 11 12 27 13 29 27 25  1 15  8  2  5 23 17  9 24 30 16  9 17 27  7 12  5 25 27 18 25 16 17  6  1 24  6 29 25 18  9 16 15  9  4 11 14  9 26 17 13 16  2 21 15 11 23 24 16 26  7 17 28 29 15 30 15 10 28 11 14  6 14 12 23  5
25 17  3  6 24 18 16  9 23 14 17 20 19 29 12 21 19  3 24  6 19 21 26 27  7  5  1 27  1 12 21 30 12  6 30 11  6 10 21 21 23 15  7 30 26 24 27  1  8 29  5 27 11 30 24  4 16 23 25  4 13  4 11 20  6 12  8 12 29  2 11 12 20  3 30 14 24 14 21  3 18  4 14 28 23  8  5  5 11 19 29 13 18  5 29  1  3 27 13  2
27 27 12 14 23 13  7 17  2 30 22  3 18  1  9 15  8 19  8 30 12 14  1 25 20 23 26 21 14  7  8  5 24 24 25  9 24 22 18 10  6 11 23 14 20 12 25 25 29  4 28 23 27 25 18  2  2 25  8 14 18 21 23 21 13 18 10 13 17 22 10 18 19 28 24  4  5 15  3 14  7  6 28 21 21 14 16 11 27 19  8 12 28 25  5 12 19  9 15 23
10 11 13 23 14 10  2 27 23 19 30 23  2 13 13 12  2  2 26 28 11 15 18 12  2 20  1 23 10  6 22  1  6 14 23 27  1 13 28 12 19  4 30 12 11  4 26  6 30 16 17 10 11  6 23 26  6 27  4  5 13 19 22 21 15  1 15 14  5 26 18 21 12  9 13 29 26  6 22 29  3  1  7  5 14 16 18 20 13 26  9 22 10 15  1  3  5 10 12 11
10 29 17 27 20 19 10 24 10 30 18 25 26  9 12  1 18 28 27  6 11  4 24 10 22  1  9 25 13  5 23 29 28 15 18  3 19  4  2 12  8 13  8  2 21 14  6 27 20 15 29  4 25 14 10 17 30 15 22 26 11 25 10 16 18  2 29 11 30 26  8 26  8 29  1  5 14 29 25 28 15  4 19 30 14 30 11  5 10  9 14 24 26  7 24  5  1 27 15 13
26 11  1  9  4 16 16 10 12 27  2 18 28 15 13 21  4 14  5 25 28 10 10 19 10 20 25  2  8  8 19 20 21 28  2 23 23  7 16  3  3  2  1 17 30  9 16 29 23 23 26 17 12 28 17 14  7 29 28 13 24 21 15 22 17 16 11 17 26 27 29 20 19  6 30 25  7 13 18 24 24 18 26  6  9 13  6 18 27  5 12 30 22 18  9  8  5 22  5  6
 5  7 14 13  6 26 16 30 29 18 11  7  8  4 26 26 19 19  2  7 17 11 22 19 27 13 18 23 21 26 20  2 10  5 20 13 10  7 22 13 13 27 28 24 21 28 13 14 30 13 12  3 17  1 30  8  2 16 26 19  7 24 14  3 29 16  9 10 23 13 18 25  9  6 12 24 24  5  6  1 19 20 30 14 10  3  2 29 24 23  1  2 23 11 13  5  9 24 23 22
15  4 27 24 12 19 17  9  2 23 14  2 30  9  2 15 14 10 21 26  3 24 17 28 10 20 13 17 17 29 17 20  2  2  3  6 25 10 29  2 28 12  7 10 16 24  6 22  9 15  2 12  3  1 30 21 29 21 22 20 12 11 20 21  6  6 15 20 19  7  9  2 18 23 21  7 20 28  1 11 18  7  4 11 20 11  2  4  7 30 24  4 13 24  8  8 17 24 24 11
18 26 23  8 25  7 22 19  7 23 10  8  4  9  9  1 26  7 14 25  3 16 29 17 21 13  9  9 13  9 17 10  1 30 16  3 10 12  3 20 12 14 27 20 14 15 16  8 18  6  4 19 10  3  2  1  6 27  4  7 19  7 23  5 20 16 14 15 11 13  7 30 28  2 11 28 18  4 11  7  1 21 23 15  8  8 24 23 14 15  7  8 27  3 17 25 14 28 27 20
13  7 22  7  5  4 15  1  5 27 17 19 14 10 22 10 30 25 26  2 23 27 14  8  5 29 16  4 12  8 17 21 21  6 29  1 15 20 26 23  2 22 14  2 16 30  3  2 26 12 30  8  6 26  9 24 19 25 27 15 22 17 15  8 30  9  3  6 16 23  7  8 12 14  5  8 23 28 23 25 26 18  4 27 24 26 20 29 29 28 10  7 22 22  6  4 18 28  9 30
 4 26 20 19 14 26  6 29  2 27 29 22 20  4 15 11  3 27  3 15 11 12 23  6 30 16 28 16 25 13 23 18 21 27  3  2 10 12 30 22 14 26 19 21 16 19 30  8  2 20 18 23 18 21 29 14 16 11 19 10 29 24 20  3 22 21 12 30  9  2 28 18  9  2 12 15 23 21  7  1 12 29  1  8 25  3 30 22 25 25 19  4 20  5  8 22 16 29  9 29
28  4 28 10  7  4  3 10  9 28 10 13  4 12 13 26  2 13  5 28 13  2  9 29 16  7 19  7 24 28 29 27  8 18 11  8  2 24 25  2 16  1 12 18 27 23  4 16 23  3 13 28  5 22 11 11 16 17 20  8 27 23 30 23 22 18  3 28 11 27 18 20  9 12 12 20 14 15 26  9 10  2 16 30  9 26  2 30 16  9 20 29 12 24 23  8  9 24  1  2
23 21  6 24 28 27  6  3  5  2  2  2 10  2 27  4 22 16 10 19 22 23 16 27 26  9  9  1 11  8  1  9 16 11  7 29  8  4 23 24 24 30  8  6 28  8 19 20 26 29  2 18 22 16  7 25 24 21 10 17 25  5 18 25 29 30 26 10  9 23 29  9 21 26 25 24 30 15 24 23 20 23 30 22  6 17  3  1 26  2 12 21  7 10 17  3 25 18  2 30
11  9 15  4 28 10 30 24 21  8 18 22  4 15  1  6 17  1  7 26 17  6 26 22 15 25 22 18  6 13  2 24  5  4 28 19 29 30 30 26 22 13  8 11  4 24 17 14  1 30 24 28  4 20 30  3 19 19  8  9 11 19  5 13 23  5  9  9  1 28 27 27 22 18  7 22 23 25 23 13 20 12 30  7  3 16 24  2 16 14 11 19 14 24 26 24  6 13  4 11
12 17 19  2 20 16  3  5 20 22 10 24 25  7  8 21 28 16 17 12  8 30  1 17 29 13 19 23 16 23 26  5 28  5 20 10 16  7 27 25 25 16  1 23  1 12 25 17 19  5 21  5 23 19  8 29  2  7  1 17  4 24 28 23 10 16 24 27 28 14 18  8  1 11 29 28 23 28 23 25 16 17  3  1  8 12 27  4 21 11  5 10 22  7 23  4 29 23 24  6
24 14 12 10 12  4 26 29 14  9 26 20 16 21  6 25 10 20  5 30  4 20 14  3  4  8  5 18  7 15 13 21  7 14 25  3  7 26 14  5 20 20  3 24  2 23 30 24 26 27 29 23 17 19 24 27  4 29  4 19 10 26 25 13  1 25  3 16 14 19  5 12 21 10 23 27 28 11 14 12  4 15 24 29  4  1  8 10 29 19 12 30 15 25 13 22 20 27 16 19
 8 16 11  7  5 11 24  2 23 13 21 27 13  8 20 20 16 25 12 20 23  3 25 15 25  7  5 10 15  6  4 24 20 19 10  8 26 20  8 12  6 29  3  8 11 28 30 15  8  5  5  4  4  8  3 19 23 23 19 15 11  1  5 29 13 22 25  4 22  4 13 15  1  7 13  7  3 14 26  2 17 21 24  5  9 19  8 19 23  2 28  1 17  1 21  6 24 10 30 11
 4 11 12 19 23 23 21  1 13 17 24 10 23 24 28 27 21 15  6  3 26 17 11 13 19  2  8  7 12  6  4 17 18  4 23 17 17 22  3 12 24  2  7 22  3 23  1 12 14 27 28  8 18  6 10 18  3  7  3 22  2 11 27 26 22  5 24 16  4 23 12 16 10 27 25 30 18 27  8  8 17  6 25 13 10 13 10 11  6  7  9 24 20  7 21 29  4 30 19 23
 7 10 30 24 10 10 13 14 26 30 30 26 21 11 12 25 17 28 13 27 29  3 21 21 20 18 30 20 25 27  8 12 18 10 14 13 29 11 27 30 17 27 15 29 12 28 30 11 30  8  1 18 13 11 25  3  5  4 23 18  4 11  1  6  1  8 12 11 14 18 19  6 14  4  2  3  1 25 16  9 27 13 26  1 29 10  6 14 13 20 25  6  6  1 26  4  9 28 13 13
12 27 12 17 16 19 29 25  1 19 24 25 17 16 28 19 29 15 27 17 12 11 18 10  9 12  5 28 11 13 20 12 19 25 22 26  1  5 22 25 20 16 24 18 26  4 16  6 12 23  9 29 30 25  7  2 21  8  3 30  3 29 18 30  6 13 29  4 19 20 23  1 19  5  9 22  3 29 16 10  7  3 17 18 21 25 15 11 23 18 28  9 27  5  9 23 18 30 23  6
 8 12 24 22  5  7  5 21  1 10 11 22 14  8  1 17 29 16 12  6 14 29 10 19 24 26  2  5 12 12 10 11  5  7  5 15 26 25 20 25 18 10  7 16  2  3 23 17 10 30 21  6 28 21  1 13 11 23 11 14  9 10 23 30  6 24 21 12 17  6  3  1 27  8 12 22 26 24  9  1 10  5 30 23 15 18 26 24 10 28 15 29 25  3 29 15  4  4  1 22
 4