20
21 23 13  4 28 30 29 29  9 30  2  7  3 28 16 27  2  9  9 16
 5 16 29  3 30  6 15 27  5 13  3 24  3 30  6  6 19 22 17 28
29 11 22  7 29 25  6  4  8 26  8 10 21 10  9 13 15 26  8  3
29 12  4 29 11  7 23 17  2 15 10 21  7 22 22  8 28 24 28 12
29 23  6 13 23  9 20 10 30 25 23  6 22 12  7  4 29 23 16  1
28 18 10  8  1 20 23 10 16 12 15  1 28 14 18  4 30 25 13 20
22 13 10 21 21 27 23  3 26  2 22 17  8 15  8 10  3  8 14 12
 4 26 30 21 15 13 29 20 29  2 23 23  1 27  1 15 26  1 27 26
 9 12 29 18 20 30 20 29  8  2 11 19  4 20 16 16 23 28 22  3
13 11  9 29 24 23  1 23 11  6  4 14 22  8 29  1  3 14  5 26
19  5  5 20 26 28 11  7 26  9 28 26 27 28 18 14  5  6  3  2
21 17 28 24  6 24 20  1  5 28 25  6 16 13 27  3  5 25 30 19
21 27  3  1 12 28 27  6 18 14 23 18  2 29 21  3  9 13 14 29
21  5 25 29 22 27  6 12 16 14 18  6 20 10  4 19 23 10 14  3
 7 30 17 28  6  7 27 21  7  4 24 14  9 22 18 28 24  4 11 26
13  2 24 21 16  3 26 24  3  5  8  2 26 30  2  5 28 28  6 10
26 27  7  9 28 15 18 19  6 29 21 19  3 23  4 25 12 30 16  1
17 15 17 13 25 11 18  2 11  3  8  4 17 14  7 15 12 15 16 18
24 14 26 17 30 18 12 25 25 27 24 12  2 14 13 26 20 25 29 25
17 13 15 24  8 29 12 10 12 19 25 27  6 25  2 13  7  3 19 20
16
