2 1210 1664354 0 657
3 2024 1685656 0 1130
4 2004 1392338 0 986
5 2561 1630501 0 2294
6 2762 1787223 0 1601
7 4933 1932877 0 1984
8 3641 1921708 0 2142
9 3509 1642769 0 1922
10 5231 2092335 0 3254
11 7662 2429379 0 3767
12 7014 2589172 0 4383
13 6425 2058815 0 3654
14 6912 2240377 0 3681
15 6033 1868670 0 3628
16 6017 1855719 0 3185
17 7014 1908941 0 4007
18 7502 2129595 0 4377
19 8160 2204919 0 4805
20 8761 2067683 0 5088
21 9409 2172015 0 5065
22 9644 2118221 0 5583
23 10399 2096480 0 5922
24 9879 2063691 0 5588
25 10452 2092760 0 5674
26 11100 2167465 0 6794
27 11560 2103719 0 6503
28 11879 2068465 0 6924
29 15249 2316572 0 9004
30 16774 2504941 0 9347
31 12252 2101765 0 7054
32 13157 2081035 0 8015
33 14360 2168936 0 7956
34 15766 2102858 0 9102
35 15111 2010010 0 8703
36 19322 2464730 0 11523
37 18489 2309297 0 11368
38 21418 2403736 0 12272
39 19096 2453706 0 11175
40 20230 2588716 0 11861
41 24520 2652481 0 14552
42 21653 2403455 0 12452
43 24301 2500459 0 13151
44 26255 2794847 0 14808
45 21234 2265218 0 12237
46 20169 2121541 0 11572
47 20821 2136146 0 12046
48 21329 2243866 0 13285
49 24694 2247082 0 14199
50 26388 2514076 0 14915
51 28112 2444422 0 16259
52 24651 2306039 0 14484
53 27029 2287877 0 15520
54 27129 2366987 0 15590
55 28942 2431087 0 16982
56 31872 2626873 0 18266
57 35160 2401935 0 19345
58 30124 2450247 0 17692
59 32590 2566272 0 20574
60 33931 2658513 0 19934
61 34650 4231263 0 19987
62 34844 4179413 0 19309
63 35274 4292535 0 20260
64 36209 5499530 0 20629
65 34624 3684452 0 19602
66 122794 5408540 0 22460
67 38062 7532492 0 22432
68 39477 5477160 0 427520
69 144404 3715676 0 21686
70 60319 3022155 0 35197
71 70575 3152391 0 22819
72 33971 2248050 0 19835
73 38337 2192135 0 18718
74 37801 2421306 0 21264
75 42313 3213932 0 24299
76 36442 2430615 0 21780
77 40719 2437241 0 22941
78 40090 2236870 0 21000
79 39025 2275368 0 24470
80 38097 2341933 0 21990
81 38872 2308267 0 22415
82 39775 2235149 0 23146
83 39362 2315428 0 22866
84 40287 2212138 0 34516
85 39401 2176842 0 22267
86 44680 2342462 0 24449
87 44166 2508196 0 25338
88 47301 2672279 0 30196
89 51714 2765272 0 31072
90 43917 2398646 0 25887
91 52291 2133868 0 22589
92 43502 2225232 0 25199
93 55493 2459941 0 27036
94 39947 2124571 0 23150
95 43663 2273078 0 27992
96 51351 2542502 0 29172
97 47956 2350927 0 35250
98 46995 2497559 0 28178
99 51084 2438686 0 30938
100 51124 2898033 0 29699
101 51329 2353356 0 29737
102 54175 2580082 0 30433
103 51121 2107807 0 27939
104 48891 2278405 0 27643
105 51444 2104681 0 35877
106 51668 2193571 0 29090
107 52296 2286444 0 27957
108 51957 2369805 0 38701
109 49324 2291840 0 30196
110 51757 2267909 0 30401
111 53098 2205229 0 31779
112 52486 2202331 0 31805
113 52567 2174318 0 32125
114 62048 2184843 0 33075
115 57070 2355057 0 32773
116 72655 2710889 0 43016
117 68886 3230520 0 42349
118 68159 2904232 0 40761
119 67319 2865075 0 38242
120 68710 2808512 0 39433
121 72093 3163479 0 45250
122 65535 2629433 0 44469
123 71628 2884039 0 128720
124 86574 2528081 0 36008
125 67778 2777395 0 36108
126 452600 2733760 0 39938
127 77451 2840073 0 44559
128 70555 3060252 0 39721
129 62509 2499964 0 39418
130 69267 2347100 0 44312
131 69378 2370353 0 39390
132 63967 2257611 0 38916
133 71301 2299942 0 38618
134 65607 2293616 0 40323
135 66222 2184358 0 38291
136 69095 2315919 0 39125
137 64206 2169039 0 38211
138 73149 2315061 0 40334
139 66392 2102185 0 38901
140 78689 2636393 0 45846
141 82065 2873660 0 46800
142 76826 2313887 0 43856
143 67153 2279047 0 41683
144 78692 2487033 0 46568
145 73048 2383236 0 43626
146 71175 2354837 0 45143
147 76144 2408366 0 44542
148 83831 2268179 0 43925
149 77888 2282697 0 44921
150 83259 2436291 0 49553
151 94464 2707081 0 52699
152 112541 2840547 0 51523
153 111291 4567431 0 54449
154 90959 3124864 0 52108
155 94553 5083332 0 53113
156 94634 5873837 0 54749
157 94524 5130441 0 53824
158 155824 2847433 0 52262
159 94320 6585421 0 57644
160 90258 3408135 0 52533
161 98186 3199491 0 53535
162 106964 4490502 0 55432
163 101927 3568937 0 56250
164 98987 3745683 0 57105
165 99607 3755107 0 55942
166 99379 3267822 0 397975
167 111756 10333267 0 58045
168 95342 6908406 0 54956
169 96260 6106658 0 55656
170 112545 5096040 0 139235
171 91562 2521604 0 56259
172 150372 2929344 0 59315
173 103624 2761219 0 60358
174 101468 3052692 0 57814
175 99652 2383130 0 55247
176 127933 3085841 0 70290
177 105100 3316529 0 62184
178 96695 2551951 0 56171
179 93098 2144264 0 49466
180 86587 2228468 0 49969
181 90026 2245640 0 51665
182 100549 2712754 0 59221
183 226022 3224760 0 54107
184 90972 2260153 0 52252
185 94489 2304816 0 55169
186 93410 2230743 0 53107
187 86340 2076669 0 50188
188 90662 2330140 0 53558
189 88961 2391973 0 55147
190 94354 2294550 0 54772
191 97260 2364321 0 56287
192 96306 2325793 0 60509
193 113493 2752184 0 66346
194 112333 2922220 0 64472
195 112370 4076595 0 98976
196 135418 2831594 0 64693
197 123132 5188321 0 353404
198 103819 2941882 0 64171
199 96544 2362499 0 55619
200 101383 2339979 0 57198
201 107254 2385427 0 65312
202 121917 2757599 0 68681
203 121395 2828601 0 73007
204 127864 2821145 0 69358
205 125125 2996286 0 68194
206 122911 3312316 0 71337
207 133283 3169679 0 76449
208 132046 3332403 0 233407
209 124582 2403333 0 69681
210 120432 3034901 0 92182
211 158192 4127314 0 77539
212 129749 3562337 0 74336
213 131406 4895630 0 76261
214 135370 6441118 0 82365
215 143805 3658345 0 79672
216 863555 3398727 0 79190
217 130901 2463502 0 73953
218 134843 2422965 0 77517
219 135553 11860188 0 79192
220 1558356 3176375 0 79429
221 1101537 13025249 0 82128
222 154597 6655426 0 79427
223 1812421 4676582 0 79933
224 151584 10652419 0 81479
225 140089 5165411 0 145497
226 141010 5422697 0 82287
227 180431 3114105 0 80885
228 144253 5156019 0 291451
229 806927 4512290 0 80129
230 164668 5187601 0 82871
231 119422 2322897 0 72212
232 113591 2194007 0 91405
233 124924 2320549 0 73528
234 126658 2559315 0 73694
235 120237 2317376 0 70926
236 148062 2614433 0 162786
237 165592 3223347 0 119641
238 169843 3484367 0 106232
239 157846 2837820 0 89968
240 129150 2853623 0 75243
241 126986 2930581 0 76337
242 231906 4396090 0 98192
243 953671 4401181 0 135300
244 158984 4059032 0 107468
245 128438 3099526 0 76960
246 133761 3050379 0 79040
247 147548 2630974 0 81531
248 150349 2864615 0 85595
249 138448 3118654 0 84300
250 145046 2816304 0 80291
251 134489 2328912 0 79646
252 132075 2343714 0 75735
253 129725 2288587 0 81719
254 143501 2751542 0 83861
255 162891 2905241 0 127603
256 152706 2863631 0 85354
257 152412 2948271 0 92923
258 163189 2847142 0 90820
259 157523 3179606 0 87746
260 239729 2974824 0 490943
261 285532 3561269 0 89029
262 150961 3777243 0 296724
263 229388 3997778 0 91482
264 193209 4449616 0 88948
265 156690 2867308 0 100172
266 165928 2986240 0 92542
267 158862 3835893 0 98196
268 155881 3980744 0 92956
269 282266 3298113 0 656104
270 305062 3375225 0 153368
271 214204 4431536 0 114968
272 156365 3438048 0 123543
273 180516 2321115 0 85457
274 134757 2263302 0 84987
275 149923 2317616 0 87174
276 147886 2345841 0 87265
277 150905 2341286 0 86882
278 140441 2273535 0 87057
279 144108 2234540 0 87445
280 146401 2384789 0 85864
281 147147 2223933 0 87541
282 144525 2289029 0 86669
283 145082 2352735 0 89311
284 169018 2836578 0 103851
285 197895 2737763 0 113156
286 229807 2960040 0 121478
287 198100 2800889 0 109220
288 259802 5470284 0 109126
289 176137 2755173 0 101238
290 184710 2864965 0 107720
291 174338 2638863 0 99930
292 204912 2511457 0 398724
293 151522 2481966 0 118907
294 148849 2236531 0 89792
295 177421 2511291 0 119986
296 212331 2532599 0 99152
297 152232 2403086 0 105525
298 179346 2437528 0 106986
299 161868 2241947 0 107707
300 154435 2233327 0 87713
301 155264 2190365 0 91796
302 176844 2543067 0 104455
303 156527 2336847 0 92944
304 162361 2314355 0 94397
305 162850 2239321 0 102096
306 174318 2335930 0 96426
307 183307 2306965 0 90259
308 180974 2266241 0 99193
309 158974 2304989 0 94617
310 164069 2594463 0 92116
311 159673 2251404 0 92502
312 176924 2231498 0 94760
313 152968 2245228 0 90469
314 160167 2286668 0 100407
315 158988 2272154 0 94525
316 170598 2443629 0 97596
317 215032 2316708 0 111894
318 160480 2187096 0 96263
319 155568 2266820 0 103906
320 193425 2703257 0 112290
321 194499 2592020 0 100991
322 168836 2290046 0 97440
323 169563 2372426 0 103150
324 171231 2493633 0 109789
325 182841 2458205 0 124215
326 211609 2724419 0 112831
327 240221 3206124 0 232557
328 207879 2649009 0 118937
329 210442 2981001 0 122321
330 209488 2718316 0 158363
331 192640 2541107 0 104797
332 166031 2130780 0 99095
333 175430 2167151 0 102716
334 168968 2167911 0 104460
335 176988 2464729 0 104068
336 225824 3252968 0 114236
337 216847 2889685 0 123163
338 195432 3259271 0 116341
339 220696 3461208 0 123318
340 174865 2426303 0 123288
341 188043 2460108 0 109088
342 189487 2448329 0 112736
343 222204 2520007 0 117588
344 181753 2364208 0 110765
345 189544 2371373 0 114707
346 188105 2533758 0 133530
347 175891 2404343 0 104131
348 176365 2204151 0 109293
349 175228 2147401 0 107598
350 184812 2343530 0 108864
351 224372 2591412 0 125589
352 220171 2830997 0 1221300
353 228183 2732411 0 132379
354 249663 3151255 0 135976
355 239848 4238397 0 158265
356 243196 4023060 0 151660
357 1362831 2992256 0 640489
358 547029 6735734 0 134009
359 235168 7316546 0 135131
360 228031 3331633 0 384019
361 252770 4435247 0 134872
362 308720 4477655 0 200485
363 334031 4285206 0 143704
364 552027 4786784 0 154273
365 1184238 5589205 0 138669
366 313457 8006168 0 146961
367 685243 11419707 0 140574
368 223639 2831644 0 196353
369 239332 2984548 0 130676
370 252608 6699575 0 134691
371 236954 4881429 0 141039
372 405130 3995933 0 148690
373 256772 4390376 0 147623
374 238605 6548482 0 137484
375 391325 5834013 0 150410
376 774333 6515287 0 229533
377 268351 3077619 0 138496
378 307331 3131968 0 145242
379 828441 4869123 0 166945
380 238387 3106406 0 172659
381 343943 2936753 0 196753
382 326451 3194241 0 138711
383 774882 9549279 0 153727
384 297955 4417964 0 207274
385 262223 4335118 0 159358
386 253830 11776855 0 6149140
387 359130 7472550 0 145049
388 364243 4885346 0 148197
389 451938 5930696 0 154805
390 255315 4694448 0 202222
391 254064 3587130 0 148308
392 350457 4903015 0 640391
393 287138 7698702 0 173279
394 687131 6760881 0 1499475
395 272495 4242989 0 212743
396 270121 4221638 0 223698
397 258816 5823784 0 156038
398 259529 3245748 0 148656
399 370184 3474764 0 184053
400 283523 3366737 0 283580
401 632396 3370581 0 165543
402 272813 3638143 0 161383
403 284511 3611331 0 164388
404 412861 3208360 0 154523
405 379871 3137838 0 152662
406 293087 4252818 0 198864
407 264626 3467436 0 153961
408 423188 4476337 0 227839
409 267696 3258541 0 152253
410 300787 2843263 0 166979
411 275083 5830532 0 186268
412 1387310 5346730 0 194479
413 1842821 4431586 0 165112
414 464937 5665578 0 155673
415 277903 3129880 0 760250
416 337807 4971249 0 157219
417 284550 2919573 0 190516
418 367909 3408070 0 178157
419 227070 2502492 0 189075
420 256352 2383680 0 140019
421 248714 2462639 0 141516
422 223051 2221160 0 135778
423 252430 2277327 0 146285
424 231502 2491905 0 157493
425 302922 3045961 0 170544
426 302856 2891778 0 171750
427 303162 3178688 0 163402
428 319820 3095686 0 175394
429 285553 4844387 0 229112
430 271704 10241580 0 170149
431 1822270 6048930 0 187569
432 757877 6860088 0 188293
433 1139223 12790136 0 191336
434 276898 3802404 0 165984
435 267691 2903054 0 158560
436 225679 2453022 0 138995
437 235306 2403861 0 142926
438 240729 2450118 0 137873
439 244060 2375547 0 149017
440 264920 2472218 0 156086
441 231017 2281626 0 141263
442 237181 2325958 0 143594
443 236530 2201537 0 139754
444 226677 2177510 0 139341
445 250849 2236264 0 136448
446 238384 2265106 0 144691
447 237638 2361166 0 146157
448 230004 2344342 0 138161
449 236692 2295108 0 142940
450 278547 2562737 0 160109
451 305896 2665832 0 180964
452 276813 2862139 0 163586
453 290637 3704569 0 187692
454 389240 7311561 0 176728
455 1397056 5642233 0 273287
456 276135 6280029 0 179105
457 280980 3895452 0 160113
458 290004 3366926 0 160794
459 246688 2366471 0 146220
460 228662 2155104 0 142037
461 240642 2316310 0 151909
462 261170 2521267 0 161004
463 233590 2286794 0 141483
464 259789 2299874 0 154916
465 270386 2553794 0 165009
466 244693 2282177 0 148169
467 440569 2107956 0 143314
468 241191 2365422 0 147919
469 254796 2494789 0 156841
470 245639 2172558 0 148867
471 303866 2675885 0 173967
472 331793 2996932 0 183796
473 299282 2964095 0 175418
474 285099 2800783 0 172898
475 264419 2358043 0 164696
476 250364 2254726 0 154147
477 258699 2403834 0 156975
478 250382 2212507 0 153993
479 266585 2201977 0 150244
480 291149 2480391 0 169329
481 344058 3025507 0 181168
482 271954 2370201 0 160102
483 338615 3013207 0 213188
484 293777 2439445 0 163354
485 253794 2216298 0 153022
486 267510 2382748 0 156444
487 251156 2216508 0 155864
488 253587 2142023 0 151203
489 284949 2183435 0 148901
490 248292 2166198 0 148874
491 261642 2308789 0 155557
492 271190 2262158 0 163963
493 329882 2901735 0 204679
494 288745 2565550 0 173474
495 305619 2532065 0 178101
496 262584 2406438 0 162795
497 281960 2645378 0 169252
498 301796 3581688 0 184868
499 572879 3128339 0 272442
500 387892 5166925 0 262012
501 1265678 5349424 0 198781
502 380889 5510953 0 219389
503 329781 2947315 0 198362
504 378850 3369218 0 198716
505 347594 3486568 0 307453
506 357218 3446472 0 215327
507 592768 3206589 0 361495
508 453708 5977781 0 869607
509 661958 6596987 0 825589
510 505701 8434470 0 270420
511 363037 7472189 0 178904
512 371210 9174830 0 202794
