2 394 1518 421
3 729 1332 2666
4 669 1228 958
5 864 1094 3610
6 806 966 2700
7 1033 790 2535
8 990 733 1760
9 1046 891 5962
10 1162 829 5472
11 1092 784 4640
12 1295 840 4466
13 1322 740 4067
14 1437 861 4611
15 1561 871 4381
16 1611 874 3847
17 1808 957 9705
18 2071 1039 11549
19 2054 899 9982
20 2178 971 10106
21 2324 991 10160
22 2445 1006 10111
23 2681 1056 10022
24 2665 1068 9772
25 2946 1148 9961
26 3057 1260 10368
27 3249 1298 10330
28 3201 1323 10284
29 3386 1368 10387
30 3606 1455 10721
