2 268 130565 428
3 236 97153 1053
4 324 111108 538
5 451 123171 1646
6 592 130955 1695
7 749 137010 1825
8 891 142922 1601
9 1067 146387 4096
10 1205 151336 4215
11 1426 154289 4371
12 1592 157602 4628
13 2037 162851 5477
14 2067 162145 5267
15 2464 168906 6005
16 2288 162740 4864
17 2571 165230 10908
18 2759 166165 11091
19 2983 167760 11280
20 3083 167814 11683
21 3845 178319 14258
22 3708 172848 12750
23 3896 173904 12696
24 4001 174793 12986
25 4255 173842 13443
26 4531 175313 13712
27 4769 176774 13995
28 4861 176338 13829
29 5126 176403 14108
30 5424 177466 14358
31 5545 177712 14294
32 5774 177901 14029
33 5944 176931 28751
34 6214 176827 29008
35 6454 177527 29281
36 6572 178010 29589
37 6829 177804 29793
38 7127 178892 30270
39 7219 177560 30297
40 7293 178324 29972
41 7647 178937 30885
42 7943 178797 31251
43 8223 179503 31541
44 8460 180092 31709
45 8697 181300 32367
46 9477 185110 34575
47 11850 203120 43411
48 9313 182085 34314
49 9452 180641 32714
50 9743 181208 33024
51 10073 181418 33229
52 10422 183159 34364
53 10881 185097 35368
54 10976 182476 34790
55 11094 182083 34515
56 11236 182990 34880
57 11474 182223 34907
58 11748 183041 35249
59 12118 184161 36133
60 12335 183122 35790
61 12563 183207 36085
62 12562 183275 35916
63 12727 182585 35989
64 12941 183934 36274
65 13535 184842 73421
66 13909 184945 73676
67 15535 190465 80775
68 14372 184473 73284
69 14721 184503 73252
70 14930 184476 73811
71 15160 185291 73319
72 15302 185828 73725
73 15576 185545 74817
74 15871 185814 74918
75 16030 185586 74948
76 16241 185923 75054
77 16524 186209 75638
78 17160 187783 77376
79 17743 189041 79112
80 16769 185853 74955
81 17269 186460 76892
82 17655 186608 77393
83 17936 186871 77780
84 18234 186429 77911
85 18651 186817 78570
86 18848 186569 78731
87 19172 187036 78452
88 19509 187538 78599
89 19761 187940 80054
90 19910 187837 79932
91 20157 187811 80537
92 20369 187742 80022
93 20464 187486 80526
94 20716 188298 80617
95 20902 188376 80254
96 21095 188390 80822
97 21505 188775 82173
98 21830 188619 82383
99 22181 187633 82219
100 22598 188407 82701
101 22758 187603 83036
102 23101 188091 83277
103 23329 188944 83064
104 23673 189148 83092
105 23942 189762 84927
106 24205 189449 85163
107 24521 188784 85407
108 24872 188805 85412
109 25172 188794 85986
110 25342 189338 86264
111 25488 190126 86052
112 25445 189909 85990
113 25727 189959 86613
114 26086 189956 87002
115 26488 190317 87260
116 26807 191005 87635
117 27065 190543 88010
118 27319 190778 88438
119 27602 190862 88066
120 28170 191634 89052
121 28217 191482 89285
122 28213 191675 89310
123 28501 191154 89374
124 28719 190995 89818
125 28834 191088 89756
126 29117 191650 90278
127 29278 190590 89735
128 29450 190712 88727
129 30175 192076 177776
130 30528 192722 179443
131 30969 192519 178583
132 31471 192496 179384
133 31888 192632 179323
134 32171 192966 179414
135 32393 192558 178374
136 32651 192885 178952
137 33029 192965 180153
138 33451 193464 180573
139 33583 193419 179823
140 34003 193750 181788
141 34027 193504 179933
142 34207 193953 179780
143 34420 193564 179489
144 34511 193985 179414
145 34904 193817 182336
146 35375 194270 183106
147 35501 193957 182518
148 35769 193963 182312
149 36159 194091 183158
150 36754 195131 187872
151 36654 194376 182514
152 36912 194084 183011
153 37125 194887 184371
154 37512 194350 184423
155 37368 194624 183805
156 37533 194785 184192
157 37712 195025 183941
158 37868 195128 184722
159 37963 194920 183668
160 38079 195404 183814
161 38561 195284 187029
162 38969 195333 187671
163 39421 195231 188136
164 39876 195540 189110
165 40360 196169 190051
166 40672 195546 189157
167 40966 195894 188974
168 41376 195814 188776
169 41812 196453 191497
170 42238 196032 192687
171 42487 195781 190986
172 42640 195906 190614
173 43140 196377 191928
174 43274 195944 191148
175 43615 196181 191199
176 43981 196862 191759
177 44304 196625 193066
178 44400 196503 193565
179 45100 196775 193750
180 45499 196857 194638
181 45662 196634 194884
182 45930 196798 194469
183 45727 197300 196087
184 45854 196987 194624
185 46145 196840 195803
186 46296 197073 196455
187 46658 197645 196064
188 46784 197348 196127
189 47050 197627 196938
190 47146 197844 196211
191 47469 198123 197192
192 47657 197656 196441
193 48051 197638 198932
194 48491 197933 200018
195 48873 198055 199536
196 49163 198124 199353
197 49629 197877 199638
198 50090 198619 200715
199 50340 198033 199446
200 50483 198313 199564
201 51011 198875 202058
202 51260 198388 202240
203 51563 198534 201896
204 52078 198971 202412
205 52324 198993 202843
206 52430 198745 201980
207 52762 198943 201722
208 53043 199166 201978
209 53301 199066 203995
210 53583 199271 205115
211 53852 199199 205281
212 54374 199854 206005
213 54626 199647 206563
214 54972 199595 206500
215 55335 200125 207652
216 55624 199890 206824
217 55821 199913 207776
218 56151 200121 208397
219 56345 200231 208010
220 56369 200251 207769
221 56623 199807 207987
222 56935 200543 208729
223 56937 200091 207821
224 57268 200358 209018
225 57867 200312 210276
226 57814 200148 211210
227 58175 200692 211032
228 58692 200689 211485
229 59072 201106 212468
230 59381 200942 211701
231 59661 200841 211674
232 60182 201282 211912
233 60367 201039 213347
234 60742 201115 214668
235 61191 200978 214955
236 61425 200854 215067
237 61834 201402 214791
238 61885 200933 214667
239 62194 201952 215374
240 62663 201746 215113
241 62634 201475 215331
242 62997 201740 215772
243 63196 202038 216551
244 63554 202169 216481
245 64024 202505 217891
246 63961 201907 216982
247 64150 201989 216342
248 64659 202532 217650
249 64711 202098 217628
250 64882 201834 217752
251 65071 202438 217952
252 65501 203208 218908
253 65621 202462 218078
254 65904 202558 218553
255 66605 203287 218344
256 66554 201489 218079
257 67330 203988 426930
258 67990 204990 429159
259 68314 204398 427649
260 68891 205056 429767
261 69266 204500 427631
262 69755 204452 428047
263 69968 204541 426155
264 70743 204887 427555
265 70993 205032 428469
266 71376 204813 427916
267 71994 205092 427293
268 72301 204936 428851
269 72697 205306 426705
270 72654 204897 427721
271 73088 205770 426354
272 73283 205447 429429
273 73774 205846 430185
274 74062 205631 430002
275 74272 205514 429138
276 74898 205908 430475
277 75105 205705 430417
278 75367 205860 431093
279 75520 205751 429222
280 75687 205846 428377
281 75776 205652 430261
282 76225 206150 430668
283 76533 206082 430491
284 76568 206261 431088
285 76779 206309 430990
286 77099 206427 430325
287 76993 206214 429748
288 77347 206640 430379
289 77778 206875 435140
290 78378 206918 435009
291 78459 206728 435138
292 78910 206721 434064
293 79197 206806 434965
294 79622 207316 440813
295 79853 207029 433606
296 80268 207205 434458
297 80588 206993 435802
298 80917 207581 436772
299 81006 206987 436041
300 81849 207933 437081
301 82003 207267 437335
302 82109 207840 437576
303 82657 207855 436982
304 82791 207958 437069
305 83019 207724 438319
306 83198 207847 438845
307 83542 208341 438960
308 83713 208018 440018
309 84015 208605 441227
310 84133 208248 439734
311 84416 208973 440302
312 84326 208518 439134
313 84929 208649 441308
314 84805 208400 441218
315 85378 209032 441461
316 85121 208593 439807
317 85426 208830 441480
318 85574 208661 440147
319 85725 209003 440847
320 85704 208831 442354
321 86237 208980 445617
322 86587 209017 447537
323 87075 209145 448272
324 87419 209115 447549
325 88101 209350 448770
326 88429 208981 449557
327 88794 209239 448937
328 89331 209539 448287
329 89836 209323 451093
330 90096 209372 450770
331 90758 209502 451097
332 90836 210001 450808
333 91344 209782 451841
334 91710 209830 452365
335 92149 210110 451808
336 92440 210428 451581
337 92984 210213 454830
338 93408 210172 455229
339 93600 210044 455031
340 93863 210290 454884
341 94303 210389 456076
342 94559 210421 455594
343 95217 210501 455767
344 95496 210386 455957
345 95763 210573 457847
346 97045 211533 462138
347 96735 211192 458550
348 96842 211192 457724
349 97209 211208 458925
350 97457 211229 458436
351 97680 210985 457827
352 97841 211123 457618
353 98426 211129 460699
354 98854 211353 461894
355 99053 211603 462148
356 99344 211564 461713
357 99739 211996 463151
358 99816 211521 461915
359 99997 211846 461759
360 100257 211799 461618
361 100721 211925 464259
362 101160 212159 467534
363 101509 212000 465385
364 101670 212030 464641
365 101860 212322 464929
366 101981 212585 464444
367 102548 212791 467255
368 102593 212547 464600
369 103007 212735 467319
370 102989 212784 468073
371 103411 212676 469725
372 103694 212805 467716
373 103858 212673 468652
374 104045 213031 469412
375 104343 212540 468418
376 104582 212902 468495
377 104922 213211 469713
378 105032 213050 470128
379 105415 213336 470528
380 105677 213396 470649
381 106066 213968 472018
382 106060 213631 470530
383 106205 213795 470959
384 106472 213714 470853
385 106978 213996 474126
386 107400 213590 474162
387 107883 213824 474061
388 108055 213671 473398
389 108947 214117 474953
390 109165 213964 475374
391 109630 214324 474235
392 109895 214005 473288
393 110376 214201 475593
394 110700 214472 476332
395 111138 214583 476495
396 111388 214898 476828
397 111888 215455 476293
398 112312 215507 476286
399 112513 215694 476844
400 113036 215520 476315
401 113979 216145 484172
402 113536 215564 479883
403 113774 215653 480052
404 114304 215656 479289
405 114830 215826 480352
406 115142 216286 480557
407 115475 216236 480490
408 115711 216238 479974
409 116032 216303 481418
410 116329 216408 483140
411 116573 216354 481553
412 117000 216543 482196
413 117260 216539 482395
414 117350 216504 482407
415 117517 216885 481765
416 118011 216752 482271
417 118422 217247 486323
418 118743 216840 487804
419 119101 216669 488005
420 119412 216894 487124
421 119707 216905 488489
422 120303 217530 489474
423 120625 217215 489728
424 120984 217241 488878
425 121122 217155 490958
426 121524 217606 491707
427 121972 217561 492241
428 122417 217695 491344
429 122745 217665 491985
430 122961 217715 491801
431 123147 218008 492303
432 123669 217997 491960
433 124511 218217 496145
434 124031 217606 494025
435 124631 218227 494366
436 128106 220812 506785
437 125110 217905 495223
438 125351 218129 495370
439 125472 218084 495006
440 125994 218255 494542
441 126036 218147 496303
442 126481 218379 496117
443 126280 218346 496381
444 126578 218226 496421
445 126573 218401 496543
446 126823 218348 495922
447 127043 218451 496499
448 127204 218484 496409
449 127539 218626 499275
450 127999 218719 499864
451 131748 224973 502025
452 134665 228940 505805
453 132981 226269 506577
454 129742 219629 502355
455 130061 219230 500971
456 130815 219583 501837
457 131067 219864 504315
458 131553 219895 503912
459 131841 219655 504231
460 132505 220061 505398
461 132439 219613 504399
462 132860 219664 504204
463 133321 219839 504489
464 133493 219925 503695
465 133990 220032 506995
466 134571 220423 509278
467 134732 220448 508338
468 135194 220404 508848
469 135532 220546 509882
470 135626 220156 509772
471 136954 221001 503375
472 136338 220632 509513
473 136864 220619 511358
474 137222 220889 512146
475 138112 221544 513877
476 137652 221260 510861
477 137883 221154 511206
478 138605 221291 510653
479 138781 220803 511874
480 138815 221005 511839
481 150119 230400 516068
482 139801 221348 515045
483 139958 221459 515202
484 140352 221807 515586
485 140527 221724 515470
486 140826 221782 516346
487 141214 221777 516498
488 141213 221542 516019
489 141781 221814 517804
490 143580 223411 516089
491 142210 222179 518662
492 142383 222204 518965
493 142643 222141 519296
494 142837 222334 518587
495 143294 222434 519461
496 143696 222641 518949
497 143672 222462 519540
498 144032 222477 520526
499 144235 222353 520399
500 144609 222454 520894
501 144730 222749 521648
502 144923 222963 521138
503 145594 222816 520378
504 145557 222792 519662
505 145870 222824 520601
506 145902 222779 520515
507 146326 223191 522182
508 146410 223157 521436
509 146849 223232 522465
510 147068 223451 522504
511 147252 223733 522841
512 147337 220588 519845
513 148372 227205 1008665
514 148946 227178 1007895
515 149709 227193 1004569
516 150099 227002 1003866
517 150783 227648 1006937
518 151322 227827 1005905
519 151804 227608 1003510
520 152225 227709 1004650
521 152891 227750 1005906
522 153148 227944 1006038
523 153660 227847 1003843
524 154072 228015 1004918
525 154722 228256 1004006
526 155267 228363 1005536
527 155211 227741 1002561
528 155876 227883 1001996
529 156261 227921 1004451
530 156815 228024 1005506
531 157098 228018 1004228
532 157880 228318 1004168
533 157953 228312 1004775
534 158584 228333 1004536
535 158651 228300 1003186
536 159209 228357 1002861
537 159584 228262 1004162
538 160014 228890 1003942
539 160366 228742 1003523
540 160661 228778 1002971
541 161210 228795 1002714
542 165824 237487 1008636
543 164972 236561 1008084
544 161994 229384 1002172
545 162663 229689 1008818
546 162896 229458 1009402
547 163200 229389 1009506
548 163693 229373 1008173
549 164223 229709 1009053
550 164327 229602 1010010
551 164556 229669 1007995
552 165016 229579 1006736
553 165219 229498 1009108
554 165666 229826 1009923
555 166066 229956 1008563
556 166581 229796 1010344
557 166774 230162 1009640
558 166774 230517 1009421
559 168435 231009 1015575
560 167376 230225 1006957
561 167615 230586 1010152
562 167978 230381 1011009
563 168275 230319 1009898
564 168697 230579 1011490
565 168502 230521 1010234
566 168959 230812 1010188
567 169255 230489 1009479
568 169478 230994 1009927
569 169685 230664 1011715
570 170007 230949 1012443
571 170083 230834 1011011
572 170598 231146 1011997
573 170558 231091 1013679
574 170812 231320 1012068
575 171311 231278 1012808
576 171092 231323 1012812
577 172099 231550 1017988
578 172198 231699 1018840
579 172634 232067 1020570
580 172706 232189 1019513
581 173691 232247 1022400
582 173839 232286 1021359
583 174084 232328 1021472
584 174844 232356 1023253
585 174999 232016 1022120
586 175254 232091 1022064
587 175663 232298 1022495
588 176043 232654 1023233
589 176261 232572 1022680
590 176814 232615 1023656
591 177232 232731 1023106
592 177376 232621 1021618
593 178255 232620 1025149
594 178185 232620 1024948
595 178612 232682 1026411
596 179043 232855 1025647
597 179251 232849 1026294
598 179615 232879 1025945
599 179851 233046 1023967
600 180302 233169 1025221
