1 0 0 0
2 0 0 0
3 0 0 0
4 0 0 0
5 0 0 0
6 0 0 0
7 0 0 0
8 0 0 0
9 0 0 1
10 0 0 1
11 0 0 1
12 0 0 1
13 0 0 1
14 0 0 1
15 0 0 1
16 0 0 1
17 0 0 3
18 0 0 3
19 0 0 3
20 0 0 3
21 0 0 3
22 0 0 3
23 0 0 3
24 0 0 3
25 0 0 3
26 0 0 3
27 0 0 3
28 1 0 3
29 0 0 3
30 1 0 3
31 1 0 3
32 1 0 3
33 1 0 8
34 1 0 8
35 1 0 8
36 1 0 8
37 1 0 8
38 1 0 8
39 1 0 8
40 1 0 8
41 1 0 9
42 1 0 8
43 1 0 8
44 1 0 8
45 1 0 9
46 1 0 8
47 1 0 8
48 1 0 8
49 1 0 9
50 2 0 9
51 2 0 9
52 2 0 9
53 2 0 9
54 2 0 9
55 2 0 9
56 2 0 9
57 2 0 9
58 2 0 9
59 2 0 9
60 2 0 9
61 2 0 9
62 2 0 9
63 2 0 9
64 2 0 8
65 2 0 22
66 2 0 22
67 2 0 22
68 2 0 22
69 3 0 22
70 3 0 22
71 3 0 22
72 3 0 22
73 3 0 22
74 3 0 22
75 3 0 22
76 3 0 22
77 3 0 22
78 3 0 22
79 3 0 22
80 3 0 22
81 3 0 22
82 3 0 22
83 3 1 22
84 3 1 22
85 3 1 22
86 3 1 22
87 3 1 22
88 3 1 22
89 4 1 22
90 4 1 22
91 4 1 22
92 4 1 22
93 4 1 22
94 4 1 22
95 4 1 22
96 4 1 22
97 4 1 22
98 4 1 22
99 4 1 22
100 4 1 22
101 4 1 22
102 4 1 22
103 4 1 22
104 4 1 23
105 4 1 23
106 4 1 23
107 4 1 22
108 4 1 22
109 5 1 23
110 5 1 22
111 5 1 22
112 4 1 22
113 5 1 22
114 5 1 23
115 5 1 23
116 5 1 23
117 5 1 23
118 5 1 23
119 5 1 23
120 5 1 23
121 5 1 23
122 5 1 24
123 5 1 23
124 5 1 23
125 5 1 23
126 5 1 23
127 5 1 23
128 5 1 22
129 6 1 55
130 6 1 54
131 6 1 54
132 6 1 54
133 6 1 55
134 6 1 58
135 6 1 54
136 6 1 56
137 8 1 68
138 6 1 54
139 6 1 54
140 6 1 54
141 6 1 54
142 6 1 55
143 7 1 56
144 6 1 55
145 7 1 55
146 7 1 55
147 7 1 55
148 7 1 56
149 7 1 55
150 7 1 55
151 7 1 55
152 7 1 55
153 7 1 55
154 7 1 55
155 7 1 55
156 7 1 55
157 7 1 55
158 7 1 55
159 7 1 55
160 7 1 56
161 7 1 55
162 7 1 55
163 8 1 55
164 8 1 55
165 8 1 56
166 8 1 55
167 8 1 56
168 8 1 56
169 8 1 55
170 8 1 56
171 8 2 57
172 8 1 56
173 8 2 56
174 8 2 56
175 8 2 56
176 8 2 56
177 8 2 55
178 8 2 56
179 9 2 55
180 9 2 56
181 10 2 61
182 9 2 56
183 9 2 55
184 9 2 56
185 9 2 56
186 9 2 56
187 9 2 56
188 9 2 55
189 9 2 55
190 9 2 55
191 9 2 55
192 9 2 57
193 9 2 55
194 9 2 55
195 9 2 55
196 9 2 55
197 10 2 55
198 10 2 56
199 10 2 55
200 10 2 56
201 10 2 56
202 10 2 56
203 10 2 56
204 10 2 56
205 10 2 56
206 10 2 56
207 10 2 56
208 10 2 56
209 10 2 56
210 10 2 56
211 10 2 56
212 10 2 56
213 10 2 56
214 11 2 56
215 11 2 56
216 11 2 56
217 11 2 56
218 11 2 56
219 11 2 56
220 11 2 56
221 11 2 56
222 11 2 56
223 11 2 56
224 11 2 56
225 11 2 56
226 11 2 56
227 11 2 56
228 11 2 56
229 11 2 56
230 11 2 56
231 11 2 57
232 11 2 56
233 12 2 57
234 12 2 56
235 12 2 56
236 12 2 56
237 12 2 56
238 12 2 56
239 12 2 57
240 12 2 57
241 12 2 56
242 12 2 56
243 12 2 56
244 12 2 57
245 12 2 56
246 12 2 57
247 12 2 56
248 12 2 56
249 12 2 56
250 12 2 56
251 12 3 57
252 12 3 57
253 12 3 57
254 13 3 57
255 12 3 57
256 12 3 55
257 13 3 130
258 13 3 130
259 13 3 131
260 13 3 130
261 13 3 130
262 13 3 130
263 13 3 131
264 13 3 130
265 14 3 130
266 14 3 130
267 14 3 131
268 14 3 130
269 14 3 131
270 14 3 131
271 14 3 131
272 14 3 131
273 14 3 131
274 14 3 131
275 14 3 131
276 14 3 131
277 14 3 131
278 14 3 131
279 14 3 131
280 14 3 131
281 14 3 131
282 14 3 131
283 14 3 131
284 14 3 131
285 14 3 131
286 14 3 131
287 14 3 131
288 14 3 131
289 15 3 132
290 15 3 131
291 15 3 131
292 15 3 132
293 15 3 132
294 15 3 132
295 15 3 132
296 15 3 132
297 15 3 132
298 15 3 132
299 15 3 132
300 15 3 132
301 16 3 132
302 16 3 132
303 16 3 134
304 16 3 132
305 16 3 132
306 16 3 132
307 16 3 132
308 16 3 132
309 16 3 132
310 16 3 132
311 16 3 132
312 16 3 132
313 16 3 132
314 16 3 132
315 16 3 132
316 16 3 132
317 16 3 132
318 16 3 132
319 16 3 132
320 16 3 132
321 16 3 132
322 16 3 132
323 17 3 132
324 17 3 132
325 17 3 133
326 17 3 133
327 17 3 133
328 17 3 133
329 17 3 133
330 17 3 133
331 17 3 133
332 17 3 133
333 18 3 133
334 18 3 133
335 18 3 133
336 18 3 133
337 18 3 134
338 18 3 133
339 18 3 133
340 18 3 133
341 18 3 134
342 18 3 133
343 18 3 133
344 18 3 133
345 18 3 134
346 18 4 133
347 18 4 133
348 19 4 134
349 18 4 133
350 18 4 134
351 18 4 133
352 18 4 133
353 19 4 133
354 19 4 133
355 19 4 133
356 19 4 133
357 19 4 134
358 19 4 133
359 19 4 134
360 19 4 133
361 19 4 134
362 19 4 134
363 19 4 134
364 19 4 134
365 20 4 134
366 20 4 134
367 20 4 133
368 20 4 133
369 20 4 133
370 20 4 133
371 20 4 134
372 20 4 134
373 20 4 134
374 20 4 133
375 20 4 134
376 20 4 133
377 20 4 134
378 20 4 133
379 20 4 133
380 20 4 133
381 20 4 133
382 20 4 133
383 20 4 134
384 20 4 136
385 20 4 133
386 20 4 133
387 20 4 133
388 20 4 133
389 21 4 133
390 21 4 133
391 21 4 133
392 21 4 133
393 21 4 133
394 21 4 134
395 21 4 133
396 21 4 133
397 21 4 133
398 21 4 134
399 21 4 133
400 21 4 133
401 22 4 134
402 22 4 134
403 22 4 134
404 22 4 137
405 22 4 134
406 22 4 134
407 22 4 134
408 22 4 134
409 22 4 134
410 22 4 134
411 22 4 134
412 22 4 134
413 22 4 134
414 22 4 134
415 22 4 134
416 22 4 134
417 22 4 134
418 22 4 134
419 22 4 135
420 23 4 134
421 23 4 134
422 23 4 138
423 23 4 135
424 23 4 135
425 23 4 135
426 23 4 135
427 23 4 135
428 23 4 135
429 23 4 136
430 23 4 134
431 23 4 135
432 23 4 135
433 23 4 135
434 23 5 135
435 24 5 136
436 23 5 135
437 24 5 135
438 23 5 135
439 24 5 136
440 24 5 135
441 24 5 135
442 24 5 135
443 24 5 135
444 24 5 135
445 24 5 135
446 24 5 134
447 24 5 134
448 24 5 134
449 24 5 135
450 24 5 135
451 24 5 136
452 24 5 135
453 24 5 134
454 24 5 134
455 24 5 135
456 24 5 135
457 24 5 135
458 25 5 135
459 25 5 135
460 25 5 135
461 25 5 135
462 25 5 135
463 25 5 135
464 25 5 135
465 25 5 135
466 25 5 135
467 25 5 135
468 25 5 135
469 25 5 135
470 26 5 135
471 26 5 135
472 26 5 135
473 26 5 136
474 26 5 135
475 26 5 135
476 26 5 135
477 26 5 135
478 26 5 135
479 26 5 135
480 26 5 135
481 26 5 135
482 26 5 135
483 26 5 135
484 26 5 135
485 26 5 135
486 26 5 135
487 26 5 135
488 26 5 135
489 27 5 135
490 27 5 135
491 27 5 135
492 27 5 136
493 27 5 135
494 27 5 135
495 27 5 135
496 27 5 135
497 27 5 135
498 27 5 135
499 27 5 135
500 27 5 135
501 27 5 135
502 27 5 136
503 27 5 134
504 27 5 134
505 27 5 134
506 27 5 135
507 27 5 135
508 27 5 136
509 27 5 135
510 27 5 135
511 27 5 136
512 27 5 134
513 28 5 311
514 28 5 308
515 28 5 309
516 28 5 308
517 28 5 308
518 28 5 308
519 28 5 308
520 29 5 309
521 29 5 308
522 29 5 308
523 29 5 309
524 29 5 308
525 29 5 308
526 29 5 308
527 29 6 308
528 29 6 308
529 30 6 309
530 30 6 309
531 30 6 310
532 30 6 309
533 30 6 309
534 30 6 309
535 30 6 309
536 30 6 309
537 30 6 309
538 30 6 309
539 30 6 309
540 30 6 309
541 30 6 309
542 30 6 309
543 30 6 309
544 30 6 309
545 30 6 310
546 30 6 309
547 31 6 309
548 31 6 309
549 31 6 310
550 31 6 310
551 31 6 310
552 31 6 309
553 31 6 310
554 31 6 310
555 31 6 310
556 31 6 310
557 31 6 310
558 31 6 309
559 31 6 310
560 31 6 309
561 32 6 310
562 32 6 309
563 32 6 310
564 32 6 310
565 32 6 310
566 32 6 310
567 32 6 310
568 32 6 310
569 32 6 310
570 32 6 310
571 32 6 310
572 32 6 310
573 32 6 310
574 32 6 310
575 32 6 310
576 31 6 310
577 32 6 310
578 32 6 310
579 32 6 311
580 32 6 311
581 32 6 311
582 32 6 311
583 32 6 311
584 32 6 311
585 33 6 311
586 33 6 312
587 33 6 311
588 33 6 312
589 33 6 312
590 33 6 312
591 33 6 312
592 33 6 313
593 33 6 313
594 33 6 311
595 33 6 312
596 33 6 312
597 34 6 312
598 34 6 312
599 34 6 312
600 34 6 311
