1 0 0 0
2 0 0 0
3 0 0 0
4 0 0 0
5 0 0 0
6 0 0 0
7 0 0 0
8 0 0 0
9 0 0 1
10 0 0 1
11 0 0 1
12 0 0 1
13 0 0 1
14 0 0 1
15 0 0 1
16 0 0 1
17 0 0 3
18 0 0 3
19 0 0 3
20 0 0 3
21 0 0 3
22 0 0 3
23 0 0 3
24 0 0 3
25 0 0 3
26 0 0 3
27 0 0 3
28 0 0 3
29 1 0 3
30 1 0 3
31 1 0 3
32 1 0 3
33 1 0 8
34 1 0 8
35 1 0 8
36 1 0 8
37 1 0 8
38 1 0 8
39 1 0 8
40 1 0 8
41 1 0 8
42 1 0 8
43 1 0 8
44 1 0 8
45 1 0 9
46 1 0 9
47 1 0 8
48 1 0 8
49 2 0 9
50 2 0 9
51 2 0 9
52 2 0 9
53 2 0 9
54 2 0 9
55 2 0 9
56 2 0 9
57 2 0 9
58 2 0 9
59 2 0 9
60 2 0 9
61 2 0 9
62 2 0 9
63 2 0 9
64 2 0 8
65 2 0 23
66 2 0 23
67 3 0 22
68 3 0 22
69 3 0 22
70 3 0 22
71 3 0 22
72 3 0 22
73 3 0 22
74 3 0 22
75 3 0 22
76 3 0 22
77 3 0 26
78 3 0 23
79 3 0 22
80 3 0 22
81 3 0 22
82 3 0 22
83 3 1 24
84 3 1 23
85 3 1 23
86 3 1 23
87 4 1 23
88 4 1 22
89 4 1 23
90 4 1 23
91 4 1 23
92 4 1 23
93 4 1 23
94 4 1 23
95 4 1 23
96 4 1 22
97 4 1 23
98 4 1 22
99 4 1 22
100 4 1 24
101 4 1 23
102 4 1 23
103 4 1 23
104 4 1 23
105 4 1 23
106 5 1 23
107 5 1 23
108 5 1 23
109 5 1 23
110 5 1 23
111 5 1 23
112 5 1 23
113 5 1 23
114 5 1 23
115 5 1 23
116 5 1 23
117 5 1 23
118 5 1 23
119 5 1 23
120 5 1 23
121 5 1 23
122 5 1 23
123 5 1 23
124 5 1 23
125 5 1 23
126 5 1 23
127 5 1 23
128 5 1 23
129 6 1 55
130 6 1 54
131 6 1 54
132 6 1 54
133 6 1 55
134 6 1 54
135 6 1 55
136 6 1 55
137 6 1 57
138 6 1 55
139 6 1 54
140 7 1 59
141 6 1 54
142 6 1 56
143 6 1 55
144 6 1 54
145 6 1 55
146 7 1 57
147 7 1 55
148 7 1 55
149 7 1 55
150 7 1 56
151 7 1 55
152 7 1 55
153 7 1 55
154 7 1 55
155 9 1 71
156 7 1 57
157 7 1 57
158 7 1 58
159 7 1 55
160 7 1 55
161 7 1 55
162 7 1 55
163 8 1 56
164 8 1 55
165 8 1 56
166 8 1 56
167 8 1 56
168 8 1 56
169 8 1 55
170 8 1 56
171 8 1 56
172 8 2 56
173 8 2 56
174 8 2 56
175 8 2 56
176 8 2 56
177 9 2 57
178 9 2 56
179 9 2 56
180 9 2 56
181 9 2 56
182 9 2 56
183 9 2 56
184 9 2 56
185 9 2 56
186 9 2 56
187 9 2 56
188 9 2 56
189 9 2 56
190 9 2 56
191 9 2 56
192 9 2 55
193 9 2 56
194 9 2 56
195 9 2 56
196 9 2 56
197 10 2 56
198 10 2 56
199 10 2 56
200 10 2 56
201 10 2 56
202 10 2 56
203 10 2 56
204 10 2 56
205 10 2 56
206 10 2 56
207 10 2 56
208 10 2 56
209 10 2 56
210 10 2 56
211 10 2 57
212 10 2 56
213 10 2 56
214 11 2 57
215 11 2 56
216 11 2 56
217 11 2 57
218 11 2 56
219 11 2 56
220 11 2 56
221 11 2 56
222 11 2 56
223 11 2 57
224 11 2 56
225 11 2 56
226 11 2 56
227 11 2 57
228 11 2 56
229 11 2 57
230 11 2 57
231 11 2 57
232 11 2 56
233 12 2 56
234 12 2 59
235 12 2 57
236 12 2 57
237 12 2 56
238 12 2 57
239 12 2 56
240 12 2 56
241 12 2 56
242 12 2 57
243 12 2 57
244 12 2 57
245 12 2 57
246 12 2 57
247 12 2 57
248 12 2 57
249 12 2 58
250 12 2 57
251 12 2 57
252 12 2 57
253 12 2 57
254 12 3 57
255 12 3 57
256 12 3 55
257 13 3 131
258 13 3 131
259 13 3 131
260 13 3 131
261 13 3 131
262 13 3 131
263 13 3 131
264 13 3 131
265 14 3 131
266 14 3 132
267 14 3 131
268 14 3 131
269 14 3 131
270 14 3 132
271 14 3 131
272 14 3 132
273 14 3 131
274 14 3 131
275 14 3 131
276 14 3 132
277 14 3 132
278 14 3 131
279 14 3 132
280 14 3 131
281 15 3 136
282 14 3 131
283 15 3 133
284 15 3 132
285 15 3 132
286 15 3 131
287 14 3 132
288 14 3 131
289 16 3 146
290 16 3 142
291 15 3 133
292 15 3 132
293 15 3 134
294 15 3 132
295 15 3 132
296 15 3 132
297 15 3 132
298 15 3 132
299 15 3 132
300 16 3 136
301 16 3 132
302 16 3 132
303 16 3 134
304 18 3 147
305 16 3 134
306 16 3 132
307 16 3 132
308 16 3 132
309 16 3 133
310 16 3 132
311 16 3 132
312 16 3 133
313 16 3 132
314 16 3 133
315 16 3 132
316 16 3 132
317 16 3 132
318 18 3 145
319 16 3 132
320 16 3 132
321 16 3 132
322 17 3 133
323 17 3 133
324 17 3 133
325 17 3 134
326 17 3 133
327 17 3 133
328 17 3 133
329 17 3 134
330 17 3 133
331 17 3 134
332 17 3 134
333 17 3 133
334 18 3 134
335 18 3 134
336 18 3 133
337 18 3 134
338 18 3 133
339 18 3 134
340 18 3 134
341 18 3 134
342 18 3 134
343 18 3 134
344 18 3 134
345 18 3 134
346 18 3 134
347 18 4 134
348 18 4 134
349 18 4 133
350 18 4 133
351 19 4 134
352 19 4 134
353 19 4 134
354 19 4 134
355 19 4 134
356 19 4 133
357 19 4 134
358 19 4 134
359 19 4 134
360 19 4 134
361 19 4 134
362 19 4 134
363 19 4 134
364 19 4 134
365 19 4 134
366 20 4 135
367 20 4 134
368 22 4 148
369 20 4 134
370 20 4 134
371 20 4 134
372 20 4 134
373 20 4 134
374 20 4 135
375 20 4 134
376 20 4 134
377 20 4 134
378 20 4 134
379 20 4 134
380 20 4 134
381 20 4 133
382 20 4 133
383 20 4 134
384 20 4 133
385 20 4 133
386 20 4 133
387 20 4 133
388 20 4 133
389 21 4 133
390 21 4 133
391 21 4 134
392 21 4 134
393 21 4 134
394 21 4 134
395 21 4 134
396 21 4 134
397 21 4 134
398 21 4 134
399 21 4 134
400 22 4 134
401 22 4 134
402 22 4 134
403 22 4 135
404 22 4 134
405 22 4 134
406 22 4 135
407 22 4 135
408 22 4 134
409 22 4 135
410 22 4 134
411 22 4 134
412 22 4 134
413 22 4 134
414 22 4 134
415 22 4 135
416 22 4 134
417 22 4 134
418 23 4 134
419 23 4 136
420 23 4 135
421 23 4 135
422 23 4 135
423 23 4 135
424 23 4 135
425 23 4 135
426 23 4 135
427 23 4 135
428 23 4 135
429 23 4 135
430 23 4 135
431 23 4 135
432 23 4 135
433 24 4 135
434 24 5 137
435 24 5 135
436 24 5 135
437 24 5 135
438 24 5 135
439 24 5 136
440 24 5 138
441 24 5 135
442 24 5 135
443 24 5 135
444 24 5 135
445 24 5 135
446 24 5 135
447 24 5 135
448 24 5 135
449 24 5 135
450 24 5 136
451 24 5 135
452 24 5 135
453 24 5 135
454 24 5 135
455 24 5 135
456 25 5 135
457 25 5 135
458 25 5 135
459 25 5 135
460 25 5 135
461 25 5 135
462 25 5 135
463 25 5 135
464 25 5 135
465 25 5 135
466 26 5 138
467 25 5 135
468 25 5 135
469 26 5 136
470 26 5 135
471 26 5 135
472 26 5 136
473 26 5 136
474 26 5 136
475 26 5 136
476 26 5 135
477 26 5 135
478 26 5 135
479 26 5 135
480 26 5 135
481 26 5 135
482 26 5 136
483 26 5 135
484 26 5 135
485 26 5 135
486 27 5 136
487 27 5 136
488 30 5 147
489 27 5 137
490 28 5 144
491 27 5 136
492 27 5 136
493 27 5 135
494 27 5 136
495 27 5 135
496 27 5 136
497 27 5 136
498 27 5 136
499 27 5 137
500 27 5 136
501 27 5 136
502 27 5 136
503 27 5 137
504 27 5 137
505 27 5 137
506 27 5 137
507 27 5 136
508 27 5 136
509 27 5 135
510 27 5 135
511 27 5 136
512 28 5 136
513 28 5 309
514 28 5 309
515 28 5 309
516 28 5 310
517 28 5 311
518 28 5 309
519 29 5 309
520 29 5 309
521 29 5 309
522 29 5 309
523 29 5 309
524 29 5 309
525 29 6 309
526 29 6 310
527 29 6 309
528 29 6 309
529 29 6 309
530 30 6 309
531 30 6 309
532 30 6 309
533 30 6 309
534 30 6 309
535 30 6 309
536 30 6 309
537 30 6 309
538 30 6 309
539 30 6 310
540 30 6 309
541 30 6 310
542 30 6 309
543 30 6 309
544 30 6 309
545 30 6 310
546 30 6 310
547 31 6 309
548 31 6 310
549 31 6 310
550 31 6 310
551 31 6 310
552 31 6 310
553 31 6 310
554 31 6 310
555 31 6 310
556 31 6 310
557 31 6 310
558 31 6 310
559 31 6 310
560 32 6 310
561 32 6 311
562 32 6 310
563 32 6 310
564 32 6 310
565 32 6 310
566 32 6 310
567 32 6 310
568 32 6 310
569 32 6 310
570 32 6 310
571 32 6 310
572 32 6 310
573 32 6 310
574 32 6 310
575 31 6 310
576 31 6 310
577 32 6 311
578 32 6 315
579 32 6 311
580 32 6 311
581 32 6 311
582 32 6 311
583 32 6 311
584 32 6 311
585 33 6 313
586 33 6 311
587 33 6 312
588 33 6 311
589 33 6 311
590 33 6 311
591 33 6 312
592 33 6 311
593 33 6 312
594 33 6 312
595 34 6 312
596 33 6 312
597 36 6 329
598 34 6 312
599 34 6 312
600 34 6 313
